360
357
330
292
253
216
190
186
195
228
266
306
339
357
347
321
280
228
197
176
177
208
255
300
347
366
360
338
293
249
212
193
184
205
242
277
312
332
346
336
309
280
244
212
198
200
216
256
291
323
352
354
335
295
252
210
186
179
205
245
280
321
346
346
333
299
264
237
214
198
213
234
264
296
317
332
328
310
285
252
216
204
204
216
250
286
314
337
339
320
297
259
225
213
209
220
252
276
298
317
317
305
290
265
243
230
220
234
246
266
292
308
316
316
299
275
256
235
218
226
239
258
286
300
309
309
293
274
259
240
241
244
252
273
285
289
300
296
292
276
262
245
243
242
248
265
281
289
297
296
289
274
259
249
245
246
263
277
289
302
298
284
276
258
242
236
237
245
268
282
294
306
306
298
285
261
255
238
229
240
258
274
297
313
313
306
286
258
233
219
216
232
254
280
309
325
321
316
289
272
238
221
217
224
239
268
292
312
325
323
306
280
250
219
208
212
227
260
293
321
344
340
322
288
251
218
198
197
218
248
276
314
331
336
328
302
267
241
217
203
213
228
256
296
328
340
340
318
289
248
211
194
195
214
249
287
319
347
347
325
299
262
226
209
202
210
239
267
295
322
332
327
315
286
249
219
196
201
220
246
289
323
343
348
329
296
260
224
197
198
211
236
274
306
323
331
324
302
274
243
220
215
212
234
259
285
313
331
337
321
296
260
234
209
197
213
240
270
306
328
333
330
307
274
246
223
211
223
236
260
288
307
320
323
306
286
262
235
223
214
219
245
273
297
322
332
325
309
278
244
224
210
209
234
260
285
310
321
318
304
277
261
238
219
221
232
252
277
297
315
324
321
297
278
249
225
215
217
228
255
278
313
325
321
306
288
260
236
224
219
234
253
275
300
316
314
309
292
266
249
230
218
226
239
256
287
307
320
322
307
293
264
236
225
221
230
253
276
293
314
317
306
292
267
241
229
225
229
249
269
290
310
318
314
304
284
262
239
227
223
233
249
275
298
307
317
308
289
269
248
229
228
236
248
273
293
305
318
309
288
275
253
236
228
225
241
258
276
296
308
308
304
290
265
251
236
228
238
251
267
292
302
305
305
289
269
254
239
225
236
249
264
283
296
314
312
296
288
269
249
236
232
237
254
272
285
299
304
299
291
269
250
242
237
236
252
271
285
303
304
304
298
277
261
245
234
236
241
250
270
286
294
304
300
284
274
259
247
241
245
252
269
282
296
302
299
298
276
254
245
240
233
245
258
272
289
301
300
299
289
272
259
248
240
244
251
261
279
285
294
296
288
276
262
250
243
240
246
259
275
288
302
306
298
290
272
255
250
241
239
256
265
273
288
293
294
291
273
261
254
244
246
252
256
278
288
293
300
294
284
274
258
242
240
243
250
265
280
288
299
300
289
284
268
256
253
245
249
260
271
285
294
298
296
283
269
258
249
239
247
254
259
281
296
298
299
295
278
269
253
243
245
248
261
272
279
289
292
285
281
270
259
256
249
242
257
269
279
291
296
294
292
278
264
254
245
244
249
259
268
282
288
296
292
280
276
268
251
251
252
259
269
277
284
291
287
281
277
269
256
249
243
253
257
265
284
293
293
296
289
275
265
257
246
251
259
262
275
283
288
290
278
278
268
261
251
252
252
265
272
277
289
297
288
285
274
261
254
249
244
251
258
267
280
285
285
283
276
266
262
250
256
258
262
273
281
282
291
287
275
275
265
255
251
251
251
261
273
282
286
288
289
283
280
261
260
252
259
262
265
277
283
282
285
278
269
265
258
252
254
259
264
274
277
288
289
292
282
276
266
261
257
250
258
264
267
280
281
280
282
276
261
261
256
258
262
266
276
285
282
288
284
276
273
268
257
254
254
254
264
268
275
285
286
284
280
269
262
262
262
258
264
268
272
282
280
281
277
266
266
254
250
258
261
264
270
282
284
289
285
276
274
265
261
258
253
259
267
274
280
282
279
281
273
264
260
257
252
264
267
277
283
287
285
283
277
271
266
258
259
256
258
261
272
279
282
282
277
275
274
264
262
260
260
266
270
274
287
284
276
277
269
265
259
253
260
261
260
269
277
278
282
283
277
275
269
262
264
264
258
268
272
273
283
277
275
276
264
267
259
254
263
268
271
280
281
280
286
277
271
267
265
258
259
259
261
270
275
276
281
284
277
272
265
265
259
256
269
274
271
281
283
280
279
272
264
264
259
253
259
260
269
278
287
282
284
275
279
273
261
264
261
260
269
273
275
281
283
275
275
267
261
263
254
253
263
275
277
283
282
283
283
271
269
261
254
257
259
259
268
275
278
282
280
274
274
271
259
258
260
266
275
274
283
288
277
284
276
265
260
255
253
257
260
267
278
277
282
282
278
267
268
262
257
258
261
266
276
276
284
281
276
270
261
256
258
256
257
264
271
275
283
294
281
284
274
265
265
261
257
262
270
274
278
275
284
277
272
269
265
254
261
265
266
274
281
281
283
281
274
271
263
256
259
256
261
266
269
276
282
276
280
274
267
267
267
259
267
272
273
275
278
280
280
274
265
267
254
267
262
260
271
274
273
281
280
276
276
273
265
265
267
266
270
271
268
277
269
269
267
264
267
268
262
267
272
270
277
275
273
278
275
266
269
268
266
269
268
270
272
275
269
269
261
264
268
262
269
273
276
281
283
277
277
273
265
265
263
260
267
267
271
274
273
274
275
267
264
261
265
264
267
270
280
284
282
289
283
269
267
258
249
251
256
259
274
279
281
292
287
282
275
261
256
253
252
264
272
275
289
294
290
287
274
259
253
242
237
252
259
276
286
297
302
301
284
276
260
243
242
243
248
266
281
290
300
297
286
280
261
242
239
235
242
258
270
293
307
310
300
291
267
256
240
225
229
244
256
280
298
306
315
301
280
266
248
233
233
234
257
274
289
307
317
309
300
277
249
233
223
220
239
257
276
302
321
320
314
294
264
245
222
216
226
240
264
291
307
321
318
301
282
254
225
218
217
227
253
284
304
326
333
319
299
272
243
225
214
211
235
257
290
312
322
325
314
283
256
234
212
216
226
242
278
306
323
332
323
297
275
241
217
206
210
230
256
281
313
332
329
318
293
259
237
216
205
220
244
269
302
324
331
328
306
276
248
221
201
209
220
258
288
313
340
340
322
300
269
234
216
205
209
234
262
291
321
334
325
313
281
249
223
206
205
224
249
281
314
331
342
331
299
268
237
209
202
205
224
258
293
316
333
336
317
291
260
228
214
205
220
245
270
302
329
329
332
306
270
244
217
201
207
226
248
288
318
330
339
326
296
267
238
215
210
220
233
267
294
318
331
328
307
282
248
220
211
206
226
251
278
310
329
333
325
301
269
244
219
204
218
232
255
285
311
323
328
312
284
262
240
216
218
226
248
275
297
316
325
318
300
273
245
224
217
216
233
254
283
309
321
318
313
296
265
246
228
221
234
246
265
291
307
308
312
294
282
252
232
226
229
233
259
281
298
314
320
305
291
269
245
234
229
228
248
264
277
297
302
301
294
274
259
243
232
238
248
253
275
291
298
305
301
281
268
253
234
229
238
248
262
276
291
306
298
294
281
265
256
245
242
250
260
270
289
296
296
294
282
267
257
243
242
246
255
273
281
288
301
300
291
281
268
255
250
251
249
258
269
276
287
288
285
283
275
259
258
246
251
254
266
280
289
288
292
290
275
271
258
251
253
252
254
268
276
281
290
286
284
277
268
258
255
248
258
264
266
283
285
285
285
282
271
264
252
245
252
250
254
273
281
290
294
291
288
275
259
253
249
246
256
262
272
285
288
289
290
280
265
257
253
242
249
255
270
283
290
303
305
290
282
266
246
242
238
236
251
267
278
297
303
298
292
276
260
246
243
237
249
253
275
296
301
307
302
283
269
249
230
226
230
238
264
284
302
315
313
302
288
261
243
232
229
234
254
272
299
313
313
309
297
268
248
227
216
224
239
258
290
310
321
326
310
284
262
236
218
218
222
244
269
294
318
327
314
298
271
243
224
216
217
242
267
289
316
328
326
312
286
252
229
211
207
221
241
276
308
328
336
324
298
276
245
214
211
214
232
265
292
320
334
328
308
286
247
219
204
198
219
248
278
315
337
337
329
306
266
237
210
197
208
229
257
298
325
335
334
313
283
245
218
206
204
212
250
288
317
341
349
330
303
266
226
203
194
200
226
260
299
333
349
340
321
284
247
218
205
198
217
245
290
325
344
349
333
299
262
225
192
189
198
225
267
306
332
355
346
320
288
244
211
190
187
215
248
286
325
348
346
333
302
257
217
193
181
201
228
267
313
346
355
351
322
280
241
203
193
190
209
249
288
321
348
351
330
299
261
219
198
188
201
237
277
309
343
351
338
315
275
236
205
186
195
216
250
291
323
341
348
326
293
259
225
202
198
211
238
277
308
331
342
326
303
267
230
206
196
196
230
265
294
322
343
338
321
289
250
222
205
202
210
246
282
310
325
334
324
293
262
226
205
206
214
236
274
305
328
340
334
307
279
247
218
204
204
226
253
282
312
331
328
320
293
257
233
214
210
224
248
272
306
325
329
323
300
272
243
221
201
213
229
263
288
312
332
329
311
291
265
235
218
217
224
250
274
295
320
325
315
296
274
245
224
211
216
235
265
288
314
322
325
313
288
264
238
216
220
227
243
273
293
306
317
313
293
275
251
229
225
224
243
265
285
306
317
316
308
285
259
239
224
223
230
249
265
292
306
308
309
297
272
257
237
228
234
241
267
282
296
308
310
296
284
260
238
228
231
235
252
268
286
305
315
300
293
275
262
245
237
236
246
255
277
292
293
302
296
276
266
252
235
241
244
252
272
287
298
306
297
294
276
257
245
242
236
249
261
272
286
297
297
296
282
264
259
248
248
251
260
269
283
291
293
293
282
270
261
245
243
244
249
261
275
281
296
298
286
285
273
259
251
251
249
259
266
273
284
290
285
280
270
260
255
245
246
258
259
274
283
287
293
291
278
273
264
249
254
254
255
265
273
275
286
282
281
274
268
256
259
253
270
266
272
283
288
280
284
278
267
265
256
250
255
259
261
273
280
278
288
281
273
272
262
258
261
268
267
272
269
285
278
272
277
270
262
258
259
258
266
271
269
282
284
280
280
277
267
269
264
257
264
268
267
273
271
271
276
272
266
269
259
267
267
266
273
278
276
279
275
270
274
268
261
265
264
261
267
265
268
275
272
268
272
268
265
267
267
269
275
273
274
276
272
272
267
263
260
266
263
273
269
270
275
273
281
276
276
267
270
272
267
270
273
266
275
276
269
268
267
262
265
264
258
265
272
271
278
278
283
279
274
272
270
261
264
263
264
269
272
269
273
272
267
268
268
259
265
262
266
272
272
279
283
277
275
275
265
268
262
256
264
266
266
272
273
272
276
272
264
267
265
259
265
270
269
271
272
272
273
276
267
265
256
258
260
256
265
267
269
278
275
274
277
273
268
270
267
262
268
268
264
275
270
272
270
267
270
269
263
267
268
264
274
275
270
273
277
270
273
270
264
266
264
261
265
268
260
269
272
266
269
268
273
273
272
272
275
270
274
271
270
273
270
271
274
273
268
272
268
267
267
269
267
269
273
271
276
280
280
278
273
275
270
261
268
265
259
265
270
267
274
274
273
276
270
263
266
271
266
268
267
276
278
276
280
278
273
270
264
257
259
264
259
268
274
275
282
282
278
280
272
258
260
260
264
267
266
277
280
280
278
276
266
264
257
253
258
264
268
278
282
284
290
280
272
267
260
255
255
253
264
272
270
283
284
276
283
272
256
258
257
250
261
269
270
286
286
282
284
275
262
258
250
246
251
252
268
279
283
289
289
282
276
265
254
254
254
257
266
273
280
292
290
281
277
262
255
250
246
251
258
265
283
292
291
297
290
276
267
257
242
249
257
257
273
285
288
290
293
276
267
255
252
247
248
262
269
280
294
298
294
291
276
261
254
244
238
250
259
267
283
298
289
291
278
275
259
249
249
250
253
269
278
285
293
294
283
275
261
246
251
243
246
260
269
277
288
286
286
283
272
264
259
249
254
259
262
273
280
277
287
280
270
265
261
257
259
258
264
270
272
282
284
278
275
275
267
271
270
262
265
265
264
266
266
268
269
269
270
274
276
276
277
268
271
266
251
258
260
259
268
278
281
285
285
275
268
264
249
246
248
251
265
274
286
299
297
296
284
263
257
240
228
233
246
261
282
297
307
309
300
279
259
240
225
227
234
246
275
298
314
326
315
294
274
245
220
211
208
228
256
284
315
333
331
325
298
261
233
210
204
211
234
267
306
330
341
337
308
277
242
206
190
194
209
251
293
326
356
360
338
308
267
217
190
180
186
220
262
305
348
364
357
330
288
244
200
169
177
198
235
292
339
367
379
361
313
267
214
172
157
169
203
258
308
350
382
377
348
301
240
193
163
153
183
230
282
340
380
387
369
326
265
210
164
145
158
196
251
316
363
393
396
355
301
242
183
148
145
165
222
285
342
387
400
377
333
274
201
161
141
149
191
254
320
376
405
399
368
305
240
179
139
132
162
216
281
348
389
411
389
337
275
210
148
133
147
184
252
322
378
408
408
366
308
236
176
135
121
154
214
283
354
400
406
405
347
275
214
159
126
145
185
243
316
376
405
405
370
304
243
179
136
130
161
211
281
348
397
413
386
356
282
209
161
139
138
181
242
305
365
400
394
368
314
245
188
153
139
169
211
276
339
379
398
382
336
283
224
166
153
155
182
240
304
351
387
389
360
309
256
202
170
157
179
221
272
321
365
376
368
331
277
233
187
164
172
200
241
296
340
366
373
348
310
262
219
188
174
182
226
269
308
346
360
342
318
283
234
203
188
190
217
252
291
331
350
352
336
295
257
226
202
187
204
227
276
306
327
342
335
308
280
244
213
209
211
227
259
292
314
334
332
312
289
257
226
214
208
217
244
276
299
323
326
316
304
272
254
233
217
227
241
260
287
305
314
316
300
278
256
233
221
228
235
252
282
300
310
315
305
285
267
246
232
230
229
249
266
282
301
304
297
292
272
253
245
236
234
252
264
280
299
303
302
294
283
266
252
234
234
242
251
272
286
292
301
298
282
272
257
244
245
246
250
267
282
286
297
293
284
277
264
248
240
241
253
261
272
286
297
293
293
284
268
261
249
243
251
257
265
278
284
285
290
277
269
264
258
249
252
254
266
276
284
292
293
287
282
268
257
254
250
248
260
267
272
283
285
291
285
276
266
262
251
257
262
264
276
283
283
289
284
273
269
259
250
254
256
256
268
274
282
286
282
282
277
267
260
259
254
261
266
267
278
280
280
278
268
264
261
259
251
259
261
265
276
278
289
285
278
277
268
260
261
258
259
263
271
271
278
280
277
278
275
262
261
259
262
267
270
278
283
282
286
282
270
267
262
256
256
260
262
270
275
276
283
281
274
274
267
264
265
260
266
266
269
277
280
276
280
276
262
261
259
254
258
262
268
277
278
280
283
281
277
274
266
257
261
258
265
268
269
275
280
276
277
273
268
264
261
260
267
269
271
281
283
277
281
278
267
265
257
257
259
254
272
272
275
280
279
275
277
273
264
264
267
261
268
275
274
280
280
275
276
269
262
262
258
260
262
260
267
277
277
285
283
276
277
269
258
262
262
260
265
270
274
280
278
270
274
272
262
262
265
265
267
269
277
281
277
281
281
272
268
261
258
259
258
261
269
273
272
276
281
272
272
259
267
266
260
269
270
268
277
277
273
276
274
266
262
259
256
262
265
264
272
272
280
283
275
278
277
265
266
263
260
266
268
269
274
275
270
274
268
261
267
260
262
266
268
280
280
276
277
277
273
272
269
259
260
264
261
265
266
267
274
273
275
274
264
271
268
266
265
268
267
275
274
272
275
275
267
269
266
260
262
262
264
268
272
274
277
273
275
273
277
266
267
267
262
269
266
272
274
270
273
271
264
267
266
260
266
267
266
270
274
278
276
273
269
273
261
269
266
260
267
265
265
266
274
268
275
273
268
269
267
266
274
270
264
274
272
268
276
270
270
270
261
262
264
259
267
269
267
274
274
274
278
276
268
271
268
265
268
269
265
273
271
272
274
269
272
271
260
269
268
264
272
278
273
276
276
283
275
276
267
268
267
266
264
266
270
266
267
272
273
267
276
273
265
269
269
268
270
272
268
275
271
269
274
267
264
265
262
267
268
271
269
273
267
277
276
272
277
275
268
270
267
264
269
269
269
271
272
269
272
266
267
268
265
266
270
268
274
274
271
277
275
270
276
270
265
266
261
261
267
264
265
272
269
270
274
276
268
272
267
272
270
266
270
274
268
273
272
267
267
266
261
268
262
264
269
271
272
274
281
276
276
273
269
270
270
265
266
264
271
273
265
270
267
266
271
269
263
267
266
266
273
270
270
276
275
266
273
269
265
267
265
265
266
265
269
270
270
273
272
267
274
275
270
273
273
269
274
274
273
274
270
270
269
273
266
264
267
266
271
267
274
273
272
276
276
270
274
273
265
270
269
266
269
269
265
272
270
268
268
267
269
270
267
267
273
273
270
275
272
277
273
269
272
268
261
267
266
262
269
272
269
274
273
270
276
273
268
272
266
265
273
270
274
274
272
270
274
267
267
265
263
269
266
267
273
278
273
278
277
274
276
272
269
269
264
267
271
269
267
271
269
269
271
264
269
269
261
269
272
270
275
275
274
277
274
268
269
265
261
262
265
262
268
268
270
274
276
272
273
268
265
267
265
270
270
269
274
272
268
272
269
261
265
265
258
261
265
267
271
274
274
276
280
271
272
264
267
266
265
270
270
268
271
271
269
272
267
260
267
265
264
269
270
267
276
273
274
273
266
266
266
261
273
265
266
268
270
269
274
272
266
263
268
264
269
268
264
272
272
267
278
274
270
269
271
261
264
259
260
272
265
275
275
273
274
274
266
273
268
265
266
270
266
273
273
273
274
271
265
268
267
261
268
266
278
274
268
275
274
272
275
271
267
268
268
260
270
269
266
273
269
269
270
267
265
267
265
269
268
269
276
274
274
274
270
269
269
268
267
268
264
266
273
270
267
273
269
273
271
266
268
268
267
273
269
268
273
270
265
272
266
260
266
267
261
268
268
268
274
271
267
274
272
271
270
267
268
268
271
274
273
267
269
269
264
267
267
267
266
272
267
273
275
273
274
275
267
272
272
266
268
269
266
269
266
268
273
269
265
267
265
268
270
267
272
272
270
274
270
268
270
268
266
265
267
265
270
271
267
270
267
270
271
269
270
274
276
276
275
269
277
276
270
273
272
262
267
266
263
267
268
267
275
275
270
275
273
268
270
268
265
270
270
274
274
272
273
274
266
268
266
260
264
265
265
273
276
274
276
275
273
277
269
264
264
265
267
273
272
269
276
270
273
270
265
267
265
261
267
267
268
277
277
276
276
275
268
268
262
260
266
265
269
270
270
272
274
275
272
270
262
262
266
262
272
272
270
277
276
272
273
267
260
262
263
257
266
272
272
276
275
276
278
275
270
271
265
262
267
263
265
272
277
278
276
267
271
267
259
262
261
261
275
273
274
280
281
274
276
267
262
264
262
258
265
262
269
274
274
275
274
270
273
266
260
265
268
271
277
276
275
280
277
267
269
265
257
262
261
262
269
273
270
281
278
273
273
267
269
266
265
267
272
270
276
277
271
277
274
264
265
261
256
264
265
267
275
277
275
280
275
269
273
262
261
261
262
266
267
271
271
278
270
275
268
262
265
264
261
267
270
273
281
280
273
278
270
264
265
262
260
266
261
271
273
275
276
278
273
274
270
261
266
266
265
270
274
274
276
275
271
270
267
259
262
260
264
267
267
273
276
276
274
276
272
269
267
261
266
266
262
273
273
270
275
273
269
270
263
258
265
262
266
275
267
283
277
274
274
272
263
269
265
261
266
266
263
270
273
271
277
269
268
268
268
267
269
269
272
270
272
279
275
271
270
270
262
266
262
261
266
269
267
271
274
272
274
271
266
269
266
264
273
268
270
273
271
270
272
268
269
268
261
269
271
267
274
275
272
276
273
270
274
269
268
270
264
267
272
273
276
270
266
269
270
264
271
272
264
271
271
269
272
273
269
271
267
265
269
266
265
268
261
271
269
267
271
274
268
273
273
268
274
270
268
275
272
269
273
273
268
272
268
266
271
267
269
268
267
270
275
267
273
274
269
271
271
265
271
272
265
269
266
265
269
265
266
272
267
267
269
271
269
275
272
273
272
268
270
272
268
272
273
268
272
268
261
269
267
264
269
267
269
271
270
275
275
267
273
269
265
267
270
262
270
270
268
272
272
267
269
264
264
266
269
266
273
274
273
275
276
272
273
269
259
266
261
258
268
265
276
276
273
276
273
265
267
265
264
268
268
269
275
278
273
276
274
265
267
260
256
261
260
272
273
276
280
282
275
275
272
266
265
263
261
265
272
270
276
278
274
273
268
260
258
258
255
264
266
273
280
281
285
281
278
270
264
256
261
262
263
270
275
277
281
277
272
269
267
256
261
257
265
274
275
288
287
275
278
273
262
259
255
253
259
265
275
278
281
282
280
277
266
265
262
259
260
262
266
277
282
284
286
275
280
262
253
255
255
254
269
274
277
284
286
281
280
272
259
257
254
251
262
270
272
285
284
281
280
272
260
258
256
255
259
269
276
285
289
291
286
277
273
264
252
254
253
257
267
278
280
288
288
277
275
264
254
256
256
259
272
277
281
289
288
282
278
265
255
253
244
251
259
264
289
285
286
292
284
272
266
258
249
254
258
261
274
283
283
285
284
274
265
259
249
248
254
257
270
282
287
292
287
286
273
261
254
251
249
257
267
269
281
283
284
283
275
262
258
254
251
256
260
271
283
288
289
288
274
275
260
249
251
254
255
265
274
278
285
287
280
276
272
258
256
256
254
264
272
276
289
283
283
277
265
253
255
252
255
260
264
274
284
285
291
284
274
265
260
253
255
259
263
272
281
278
286
280
265
270
259
251
255
257
256
268
274
283
289
281
285
275
262
262
256
250
260
265
268
276
280
282
281
276
265
264
260
256
259
262
272
277
277
282
280
274
270
265
258
256
257
253
268
273
275
284
284
275
276
272
262
264
262
257
266
270
272
278
284
280
274
266
266
262
256
258
264
267
275
281
276
283
281
273
272
268
260
261
259
262
269
268
278
277
274
269
270
260
266
262
260
267
272
272
280
280
278
277
272
264
264
263
261
263
262
269
274
272
270
275
270
269
266
261
266
266
266
271
275
273
275
275
270
