155
155
155
155
155
155
155
155
170
170
170
170
170
170
170
170
170
170
170
170
140
140
140
140
140
140
140
140
140
140
140
140
140
144
144
144
144
144
144
144
144
144
144
144
144
144
144
144
144
144
144
144
144
144
144
144
144
142
142
142
142
142
142
142
142
142
142
142
142
152
152
152
152
152
152
152
152
152
152
152
152
155
155
155
155
155
155
155
155
155
155
155
155
184
184
184
184
184
184
184
184
184
184
184
184
161
161
161
161
161
161
161
161
161
161
161
161
161
205
205
205
205
205
205
205
205
205
205
205
205
251
251
251
251
251
251
251
251
251
251
251
251
220
220
220
220
220
220
220
220
220
220
220
220
220
277
277
277
277
277
277
277
277
277
277
277
277
233
233
233
233
233
233
233
233
233
233
233
233
233
270
270
270
270
270
270
270
270
270
270
270
270
242
242
242
242
242
242
242
242
242
242
242
242
242
260
260
260
260
260
260
260
260
260
260
260
260
289
289
289
289
289
289
289
289
289
289
289
289
249
249
249
249
249
249
249
249
249
249
249
249
249
266
266
266
266
266
266
266
266
266
266
266
266
234
234
234
234
234
234
234
234
234
234
234
234
234
241
241
241
241
241
241
241
241
241
241
241
241
211
211
211
211
211
211
211
211
211
211
211
211
211
238
238
238
238
238
238
238
238
238
238
238
238
244
244
244
244
244
244
244
244
244
244
244
244
216
216
216
216
216
216
216
216
216
216
216
216
216
232
232
232
232
232
232
232
232
232
232
232
232
195
195
195
195
195
195
195
195
195
195
195
195
195
219
219
219
219
219
219
219
219
219
219
219
219
177
177
177
177
177
177
177
177
177
177
177
177
177
201
201
201
201
201
201
201
201
201
201
201
201
171
171
171
171
171
171
171
171
171
171
171
171
171
185
185
185
185
185
185
185
185
185
185
185
185
193
193
193
193
193
193
193
193
193
193
193
193
177
177
177
177
177
177
177
177
177
177
177
177
177
176
176
176
176
176
176
176
176
176
176
176
176
160
160
160
160
160
160
160
160
160
160
160
160
160
158
158
158
158
158
158
158
158
158
158
158
158
138
138
138
138
138
138
138
138
138
138
138
138
138
144
144
144
144
144
144
144
144
144
144
144
144
107
107
107
107
107
107
107
107
107
107
107
107
107
88
88
88
88
88
88
88
88
88
88
88
88
88
86
86
86
86
86
86
86
86
86
86
86
86
79
79
79
79
79
79
79
79
79
79
79
79
71
71
71
71
71
71
71
71
71
71
71
71
71
64
64
64
64
64
64
64
64
64
64
64
64
54
54
54
54
54
54
54
54
54
54
54
54
54
58
58
58
58
58
58
58
58
58
58
58
49
49
49
49
49
49
49
49
49
49
49
49
49
40
40
40
40
40
40
40
40
40
40
40
40
40
38
38
38
38
38
38
38
38
38
38
38
38
40
40
40
40
40
40
40
40
40
40
40
40
34
34
34
34
34
34
34
34
34
34
34
34
34
37
37
37
37
37
37
37
37
37
37
37
31
31
31
31
31
31
31
31
31
31
31
31
31
0
0
0
0
0
0
0
29
29
29
34
34
28
28
28
28
28
28
28
28
28
28
28
28
3
3
3
3
3
3
27
27
27
27
27
27
25
25
25
25
25
25
25
25
25
25
25
25
25
25
21
21
21
21
21
21
21
21
21
21
20
20
5
5
5
7
7
7
19
19
19
27
27
11
11
11
11
19
19
19
19
19
19
19
19
19
13
13
16
16
16
16
16
16
16
18
18
18
15
15
4
4
4
4
14
14
14
15
15
12
12
12
16
16
11
11
11
11
18
18
18
15
15
15
8
8
8
19
19
19
19
19
19
19
19
13
13
13
12
12
12
11
11
11
20
20
14
14
14
10
10
10
17
17
17
17
17
17
17
18
18
10
10
10
10
15
15
15
15
15
13
13
13
12
12
16
16
16
16
16
16
23
23
23
11
11
11
8
8
8
8
17
17
17
11
11
11
13
13
13
14
14
14
18
18
18
18
18
12
12
12
10
10
10
12
12
12
21
21
21
21
15
15
14
14
12
12
12
12
12
12
12
17
17
13
13
13
12
12
12
12
17
17
17
13
13
13
9
9
12
12
12
12
12
21
21
21
15
15
15
13
13
13
17
17
17
17
14
14
14
16
16
9
9
9
9
12
12
12
15
15
15
18
18
13
13
13
19
19
19
19
19
19
19
17
17
14
14
10
10
10
10
16
16
20
20
20
17
17
17
16
16
16
14
14
14
14
13
13
13
14
14
8
8
8
17
17
17
17
16
16
16
16
16
13
13
13
13
13
16
16
16
16
19
19
19
13
13
13
16
16
19
19
19
12
12
12
12
9
9
9
12
12
16
16
16
16
17
17
15
15
15
15
12
12
11
11
11
11
14
14
14
14
14
12
12
12
13
13
14
14
14
14
20
20
14
14
14
14
14
14
14
14
14
14
14
14
14
14
14
14
14
14
14
19
19
19
17
17
12
12
12
11
11
11
17
17
17
16
16
16
16
16
16
16
16
14
14
14
14
15
15
15
10
10
10
12
12
12
12
12
12
18
18
18
13
13
13
17
17
17
17
17
17
17
17
12
12
12
15
15
15
15
15
17
17
17
13
13
13
13
11
11
11
12
12
11
11
11
11
14
14
12
12
12
13
13
13
14
14
14
14
14
14
17
17
17
16
16
13
13
13
13
16
16
16
16
16
17
17
17
17
17
17
18
18
18
12
12
12
12
10
10
13
13
13
13
13
13
13
13
13
17
17
17
18
18
13
13
13
13
14
14
14
14
14
11
11
11
14
14
14
14
16
16
16
17
17
10
10
10
14
14
14
16
16
16
16
16
17
17
17
18
18
18
18
19
19
19
19
19
11
11
11
11
9
9
9
14
14
14
16
16
16
13
13
13
14
14
13
13
13
13
10
10
10
10
10
8
8
8
10
10
10
12
12
12
17
17
17
15
15
15
12
12
12
13
13
13
14
14
11
11
11
11
11
11
14
14
14
14
14
14
18
18
18
18
13
13
13
13
14
14
14
16
16
16
17
17
17
12
12
12
12
15
15
15
12
12
12
12
12
12
14
14
13
13
13
17
17
17
14
14
14
16
16
16
16
16
12
12
12
12
14
14
14
14
14
14
14
14
14
18
18
17
17
17
16
16
16
10
10
10
14
14
12
12
12
12
15
15
15
15
15
20
20
20
13
13
13
13
14
14
15
15
15
16
16
16
14
14
14
14
20
20
20
20
14
14
14
14
20
20
17
17
17
11
11
11
11
13
13
14
14
14
16
16
16
16
16
16
16
16
13
13
13
13
13
13
11
11
11
11
13
13
9
9
9
9
18
18
17
17
17
11
11
11
11
13
13
13
12
12
15
15
15
15
14
14
14
14
14
17
17
17
17
17
14
14
14
14
14
14
12
12
12
12
12
12
12
18
18
18
17
17
18
18
18
11
11
11
14
14
8
8
8
8
16
16
13
13
13
13
17
17
17
13
13
13
16
16
9
9
9
9
12
12
12
13
13
13
11
11
11
16
16
17
17
17
11
11
11
11
13
13
12
12
12
12
12
12
17
17
20
20
20
18
18
18
16
16
16
17
17
13
13
13
13
15
15
15
12
12
12
12
16
16
16
17
17
17
17
17
12
12
12
12
15
15
13
13
13
8
8
8
12
12
12
20
20
20
20
20
18
18
18
10
10
10
10
13
13
13
13
13
13
16
16
19
19
19
17
17
17
18
18
18
14
14
14
13
13
13
11
11
11
18
18
18
13
13
13
18
18
18
17
17
14
14
14
12
12
12
12
12
12
12
14
14
14
17
17
17
17
17
17
17
17
15
15
15
11
11
11
11
11
11
15
15
15
12
12
12
14
14
14
16
16
16
15
15
15
14
14
14
17
17
11
11
11
11
12
12
12
16
16
16
19
19
16
16
16
16
16
16
12
12
12
12
16
16
16
16
16
16
15
15
15
18
18
18
14
14
11
11
11
14
14
14
15
15
15
14
14
14
14
14
17
17
17
21
21
21
18
18
18
13
13
13
13
13
12
12
12
12
12
16
16
16
17
17
17
17
17
17
18
18
10
10
10
10
9
9
12
12
12
12
12
12
12
12
12
17
17
17
12
12
12
13
13
13
13
13
13
14
14
12
12
12
12
16
16
16
16
16
16
17
17
14
14
14
13
13
13
13
13
13
16
16
16
16
16
19
19
19
17
17
17
17
17
17
10
10
10
10
11
11
11
14
14
14
14
14
14
14
14
14
17
17
17
16
16
11
11
11
11
13
13
16
16
16
16
16
16
16
16
16
18
18
18
18
16
16
16
16
17
17
17
17
17
17
17
12
12
12
12
12
12
16
16
16
19
19
14
14
14
15
15
15
9
9
9
9
12
12
12
16
16
16
15
15
15
17
17
13
13
13
13
13
13
12
12
12
12
14
14
14
12
12
18
18
21
21
21
13
13
13
13
12
12
12
17
17
12
12
12
12
11
11
11
16
16
16
17
17
17
17
17
13
13
13
14
14
14
16
16
16
11
11
11
13
13
13
16
16
16
16
9
9
9
9
9
14
14
11
11
11
11
12
12
12
15
15
15
16
16
16
19
19
18
18
18
14
14
14
14
13
13
12
12
12
12
12
12
16
16
16
18
18
18
18
16
16
15
15
14
14
16
16
16
16
14
14
14
12
12
12
12
17
17
17
18
18
14
14
14
11
11
11
11
16
16
13
13
13
14
14
14
14
14
14
14
16
16
16
14
14
13
13
13
12
12
12
12
10
10
10
12
12
12
17
17
17
17
17
17
17
17
17
17
8
8
8
8
12
12
12
16
16
12
12
12
12
17
17
17
10
10
10
14
14
14
14
14
14
14
14
13
13
13
14
14
14
14
17
17
17
16
16
16
15
15
14
14
14
13
13
13
15
15
15
14
14
11
11
11
11
18
18
18
18
13
13
9
9
9
14
14
14
14
14
17
17
17
14
14
14
14
18
18
18
18
18
10
10
10
10
12
12
15
15
15
16
16
16
16
16
20
20
20
20
20
17
17
17
17
15
15
15
13
13
13
13
13
13
16
16
16
16
16
16
16
19
19
17
17
17
12
12
12
12
15
15
9
9
9
9
12
12
16
16
16
16
14
14
17
17
14
14
12
12
12
9
9
16
16
16
16
16
14
14
14
16
16
16
16
16
16
16
14
14
8
8
8
8
11
11
11
12
12
12
20
20
17
17
17
15
15
15
15
15
15
17
17
17
13
13
13
12
12
12
12
14
14
19
19
19
21
21
13
13
13
13
12
12
12
15
15
15
17
17
12
12
12
12
19
19
19
19
19
19
17
17
6
6
6
6
6
6
14
14
14
12
12
12
16
16
16
16
14
14
20
20
20
20
20
10
10
10
10
11
11
13
13
13
13
16
16
16
19
19
13
13
13
12
12
12
12
14
14
14
17
17
13
13
13
13
13
16
16
16
16
22
22
18
18
18
11
11
11
12
12
12
12
15
15
15
17
17
12
12
12
18
18
18
18
22
22
17
17
17
16
16
16
16
16
16
16
20
20
15
15
15
16
16
16
16
18
18
18
18
17
17
17
13
13
13
11
11
11
16
16
16
20
20
20
17
17
17
9
9
9
9
10
10
10
13
13
16
16
16
10
10
10
10
10
10
17
17
17
19
19
7
7
7
7
8
8
8
12
12
12
18
18
17
17
17
16
16
16
16
18
18
18
18
18
18
14
14
13
13
19
19
19
19
19
19
19
19
19
13
13
13
13
13
13
13
16
16
16
14
14
12
12
12
10
10
10
10
19
19
20
20
20
17
17
17
15
15
15
16
16
16
16
16
14
14
15
15
15
11
11
20
20
21
21
21
12
12
12
12
11
11
11
12
12
12
15
15
15
15
15
17
17
17
16
16
16
16
16
16
12
12
12
7
7
7
14
14
14
16
16
16
18
18
18
17
17
17
17
17
12
12
12
9
9
9
9
13
13
13
13
13
13
13
13
13
19
19
16
16
16
16
16
16
14
14
14
11
11
11
13
13
13
13
13
13
18
18
18
21
21
16
16
16
16
16
12
12
12
12
12
15
15
17
17
17
18
18
18
16
16
16
14
14
14
14
14
14
9
9
9
9
13
13
11
11
11
11
20
20
20
20
19
19
19
19
14
14
14
14
14
14
15
15
12
12
12
12
14
14
19
19
19
16
16
16
15
15
15
14
14
14
14
13
13
13
13
13
13
13
13
13
19
19
19
19
11
11
11
11
10
10
10
13
13
12
12
12
12
17
17
17
17
16
16
15
15
14
14
14
17
17
17
18
18
18
12
12
12
12
20
20
20
20
20
20
20
20
20
20
13
13
13
15
15
15
14
14
14
14
11
11
11
9
9
9
17
17
17
19
19
19
19
19
13
13
13
13
13
13
20
20
20
20
20
20
16
16
16
16
16
17
17
17
17
15
15
15
14
14
9
9
9
9
13
13
13
14
14
14
14
14
11
11
11
9
9
9
19
19
19
18
18
13
13
13
13
13
17
17
17
17
22
22
22
14
14
14
9
9
9
9
17
17
17
19
19
12
12
12
11
11
11
11
24
24
24
24
24
10
10
10
10
10
20
20
20
20
20
20
16
16
16
16
15
15
21
21
21
21
21
21
21
21
21
11
11
11
6
6
6
17
17
17
28
28
28
11
11
11
11
11
21
21
21
21
21
21
17
17
17
10
10
10
26
26
26
26
26
26
26
18
18
7
7
7
7
7
7
21
21
21
21
21
14
14
14
11
11
11
11
18
18
18
18
18
18
8
8
8
8
8
22
22
22
22
22
22
22
20
20
10
10
10
10
16
16
16
16
16
16
16
16
19
19
19
19
19
19
19
19
19
24
24
21
21
5
5
5
5
5
12
12
12
14
14
14
20
20
12
12
12
12
12
12
20
20
20
20
22
22
15
15
15
6
6
6
25
25
25
25
25
25
25
19
19
6
6
6
4
4
4
26
26
26
26
26
26
35
35
35
35
35
35
35
35
35
35
35
14
14
14
14
14
14
14
14
14
14
32
32
32
33
33
33
33
33
33
33
33
33
33
33
33
30
30
33
33
33
33
33
33
33
33
33
33
33
33
29
29
29
29
29
29
29
29
29
29
29
29
29
33
33
33
33
33
33
33
33
33
33
33
26
26
25
25
25
25
25
25
25
25
25
25
25
25
33
33
33
33
33
33
33
33
33
33
2
2
2
2
2
2
2
20
20
20
20
27
27
12
12
12
20
20
20
20
20
20
20
20
20
20
13
13
4
4
4
21
21
21
21
21
21
21
9
9
9
9
9
21
21
21
21
21
21
2
2
2
2
2
27
27
27
27
27
27
27
20
20
22
22
22
22
22
22
22
22
22
22
19
19
30
30
30
30
30
30
30
30
30
30
31
31
31
31
31
31
31
31
31
31
31
31
31
22
22
22
22
22
22
22
22
22
22
22
22
22
34
34
34
34
34
34
34
34
34
34
34
34
32
32
32
32
32
32
32
32
32
32
32
29
29
35
35
35
35
35
35
35
35
35
35
35
35
33
33
33
33
33
33
33
33
33
33
33
33
40
40
40
40
40
40
40
40
40
40
40
40
35
35
35
35
35
35
35
35
35
35
35
35
28
28
34
34
34
34
34
34
34
34
34
34
34
34
41
41
41
41
41
41
41
41
41
41
41
41
33
33
33
33
33
33
33
33
33
33
33
33
37
37
37
37
37
37
37
37
37
37
37
37
32
32
32
32
32
32
32
32
32
32
32
32
32
32
26
26
26
26
26
26
26
26
26
26
26
26
20
20
24
24
24
24
24
24
24
24
24
24
22
22
23
23
23
23
23
23
23
23
23
23
16
16
6
6
6
6
6
6
25
25
25
25
25
12
12
12
12
12
12
14
14
14
14
14
14
14
13
13
20
20
20
20
20
20
20
25
25
12
12
12
10
10
10
21
21
21
21
16
16
10
10
10
10
10
21
21
21
21
28
28
18
18
18
4
4
4
21
21
21
21
21
21
21
18
18
6
6
6
25
25
25
25
25
25
25
25
24
24
24
24
24
24
24
24
24
24
21
21
21
16
16
4
4
4
4
17
17
17
20
20
20
14
14
5
5
5
22
22
22
22
22
22
22
18
18
18
18
18
18
18
18
18
18
18
24
24
19
19
20
20
20
20
20
20
20
20
14
14
14
9
9
5
5
5
5
20
20
20
20
20
17
17
17
10
10
10
10
21
21
21
21
16
16
16
6
6
6
21
21
21
21
21
21
21
21
21
20
20
20
20
20
20
20
20
20
16
16
16
12
12
12
25
25
25
25
25
25
25
25
7
7
7
7
6
6
19
19
19
19
19
19
16
16
16
9
9
9
9
21
21
21
21
21
16
16
16
20
20
20
20
20
20
20
20
20
23
23
9
9
9
9
11
11
18
18
18
18
11
11
11
5
5
5
22
22
22
22
22
22
24
24
6
6
6
6
6
6
18
18
18
18
18
18
10
10
10
10
10
20
20
20
20
20
20
20
15
15
6
6
6
19
19
19
19
19
19
19
17
17
6
6
6
6
25
25
25
25
25
25
17
17
26
26
26
26
26
26
26
26
26
26
21
21
25
25
25
25
25
25
25
25
25
28
28
37
37
37
37
37
37
37
37
37
37
37
37
28
28
28
28
28
28
28
28
28
28
28
28
28
41
41
41
41
41
41
41
41
41
41
41
41
43
43
43
43
43
43
43
43
43
43
43
43
43
58
58
58
58
58
58
58
58
58
58
58
58
60
60
60
60
60
60
60
60
60
60
60
60
60
64
64
64
64
64
64
64
64
64
64
64
64
64
82
82
82
82
82
82
82
82
82
82
82
82
80
80
80
80
80
80
80
80
80
80
80
80
80
88
88
88
88
88
88
88
88
88
88
88
88
88
85
85
85
85
85
85
85
85
85
85
85
85
85
98
98
98
98
98
98
98
98
98
98
98
98
102
102
102
102
102
102
102
102
102
102
102
102
102
93
93
93
93
93
93
93
93
93
93
93
93
93
114
114
114
114
114
114
114
114
114
114
114
114
114
114
114
114
114
114
114
114
114
114
114
114
114
99
99
99
99
99
99
99
99
99
99
99
99
99
117
117
117
117
117
117
117
117
117
117
117
117
109
109
109
109
109
109
109
109
109
109
109
109
109
92
92
92
92
92
92
92
92
92
92
92
92
92
109
109
109
109
109
109
109
109
109
109
109
109
98
98
98
98
98
98
98
98
98
98
98
98
98
119
119
119
119
119
119
119
119
119
119
119
119
96
96
96
96
96
96
96
96
96
96
96
96
96
118
118
118
118
118
118
118
118
118
118
118
118
105
105
105
105
105
105
105
105
105
105
105
105
105
116
116
116
116
116
116
116
116
116
116
116
116
98
98
98
98
98
98
98
98
98
98
98
98
98
102
102
102
102
102
102
102
102
102
102
102
102
89
89
89
89
89
89
89
89
89
89
89
89
89
90
90
90
90
90
90
90
90
90
90
90
90
88
88
88
88
88
88
88
88
88
88
88
88
74
74
74
74
74
74
74
74
74
74
74
74
74
49
49
49
49
49
49
49
49
49
49
49
49
49
60
60
60
60
60
60
60
60
60
60
60
60
60
60
60
60
60
60
60
60
60
60
60
60
63
63
63
63
63
63
63
63
63
63
63
63
62
62
62
62
62
62
62
62
62
62
62
62
59
59
59
59
59
59
59
59
59
59
59
59
59
48
48
48
48
48
48
48
48
48
48
48
48
48
52
52
52
52
52
52
52
52
52
52
52
52
52
52
52
52
52
52
52
52
52
52
52
52
52
49
49
49
49
49
49
49
49
49
49
49
49
41
41
41
41
41
41
41
41
41
41
41
41
41
42
42
42
42
42
42
42
42
42
42
42
42
36
36
36
36
36
36
36
36
36
36
36
36
25
25
35
35
35
35
35
35
35
35
35
35
35
35
31
31
31
31
31
31
31
31
31
31
31
31
20
20
32
32
32
32
32
32
32
32
32
32
23
23
30
30
30
30
30
30
30
30
30
30
30
30
6
6
6
6
6
17
17
17
17
24
24
24
20
20
24
24
24
24
24
24
24
24
24
24
24
24
24
24
24
24
24
24
24
24
24
24
26
26
2
2
2
2
2
2
29
29
29
29
29
19
19
19
3
3
3
21
21
21
21
21
21
21
16
16
8
8
8
14
14
14
14
26
26
26
22
22
22
22
22
22
22
22
22
22
22
22
26
26
7
7
7
7
7
7
21
21
21
21
21
21
4
4
4
4
4
29
29
29
29
29
29
29
25
25
25
25
25
25
25
25
25
25
25
25
20
20
4
4
4
24
24
24
24
24
24
24
24
24
0
0
0
0
0
0
25
25
25
25
25
26
26
26
26
26
26
26
26
26
26
26
26
26
9
9
9
9
23
23
23
23
23
23
23
20
20
20
26
26
26
26
26
26
26
26
26
26
26
29
29
29
29
29
29
29
29
29
29
29
29
12
12
12
6
6
6
22
22
22
22
22
22
22
24
24
24
24
24
24
24
24
24
24
24
24
24
26
26
26
26
26
26
26
26
26
26
26
26
14
14
14
25
25
25
25
25
25
25
25
25
23
23
23
23
23
23
23
23
23
23
29
29
25
25
25
25
25
25
25
25
25
25
25
25
25
31
31
31
31
31
31
31
31
31
31
31
31
25
25
25
25
25
25
25
25
25
25
25
25
25
2
2
2
2
2
2
27
27
27
27
24
24
29
29
29
29
29
29
29
29
29
29
29
29
29
28
28
28
28
28
28
28
28
28
28
28
26
26
26
26
26
26
26
26
26
26
26
26
26
26
26
26
26
26
26
26
26
26
26
26
26
6
6
6
6
6
6
25
25
25
25
31
31
21
21
21
21
21
21
21
21
21
21
21
21
21
3
3
3
3
3
3
29
29
29
29
29
33
33
33
33
33
33
33
33
33
33
33
33
33
33
35
35
35
35
35
35
35
35
35
35
35
35
41
41
41
41
41
41
41
41
41
41
41
41
30
30
30
30
30
30
30
30
30
30
30
30
30
30
38
38
38
38
38
38
38
38
38
38
38
38
42
42
42
42
42
42
42
42
42
42
42
42
38
38
38
38
38
38
38
38
38
38
38
38
38
39
39
39
39
39
39
39
39
39
39
39
39
39
38
38
38
38
38
38
38
38
38
38
38
38
41
41
41
41
41
41
41
41
41
41
41
41
40
40
40
40
40
40
40
40
40
40
40
40
40
33
17
8
