683
692
691
671
629
592
550
523
517
529
558
609
654
692
713
702
670
628
579
531
516
522
552
595
643
677
701
695
668
635
596
553
540
533
546
572
614
645
680
692
696
677
637
595
552
527
523
540
573
619
665
692
699
683
644
604
561
532
528
546
571
617
653
673
692
683
660
628
592
558
543
537
545
579
617
649
682
694
682
656
617
575
549
534
545
575
612
642
674
684
670
649
618
582
562
555
554
574
600
620
651
664
661
660
640
613
590
576
563
570
587
604
633
650
651
649
632
609
595
585
576
588
602
616
628
640
636
634
624
612
609
600
596
600
602
603
610
613
614
617
617
614
617
618
614
619
621
617
619
614
602
602
592
594
605
614
628
637
638
637
621
606
591
584
575
581
600
615
641
653
663
652
637
621
595
574
559
565
576
591
622
650
667
672
660
636
608
578
553
553
562
586
621
654
670
681
672
641
611
581
549
543
549
564
601
636
660
683
686
669
643
609
568
547
538
547
579
618
654
686
697
674
650
612
566
543
534
541
574
611
648
681
693
685
669
636
594
565
546
536
552
576
613
652
681
688
685
658
617
579
550
536
548
569
605
650
674
684
686
662
626
592
563
542
543
557
581
617
649
668
680
676
654
628
593
564
552
546
561
595
626
657
682
678
662
634
593
562
546
541
550
586
617
643
671
676
670
651
626
601
575
561
547
566
585
614
643
666
678
667
642
613
583
561
546
560
577
610
648
673
679
674
660
624
598
566
555
557
564
587
613
637
659
670
666
650
625
590
578
561
554
571
602
626
662
673
670
661
633
597
572
555
548
564
588
619
646
665
668
664
648
621
600
576
562
564
576
590
622
648
658
669
660
634
609
582
558
555
563
585
617
646
664
672
668
643
620
592
566
562
563
575
604
625
638
657
662
648
633
612
587
574
566
569
590
614
636
656
667
658
645
620
590
569
561
557
580
598
625
651
660
653
647
630
606
592
577
568
583
592
610
632
648
650
652
636
614
598
576
566
572
585
603
629
646
652
659
651
628
606
589
578
574
584
600
616
624
643
648
637
628
613
597
588
581
580
597
608
625
644
649
644
640
622
604
590
578
572
585
600
611
632
640
641
637
628
609
603
594
588
593
603
610
624
632
634
634
630
617
608
594
581
586
589
598
614
624
631
642
636
625
617
604
591
592
595
597
610
618
622
629
634
626
618
604
603
595
598
600
609
612
624
633
634
635
629
617
612
601
593
594
598
601
617
624
628
629
628
619
615
611
601
603
605
606
617
621
622
627
628
621
618
610
600
601
596
594
605
612
614
627
632
625
627
620
611
605
604
598
605
612
612
621
620
620
625
616
608
604
601
598
604
605
607
619
626
627
632
624
617
616
603
597
598
598
600
611
619
619
622
626
620
614
610
605
604
603
605
614
621
626
629
625
620
620
612
602
600
593
597
601
606
617
622
624
625
626
615
613
609
600
604
608
609
617
619
619
624
622
613
613
605
600
603
604
602
612
620
619
631
630
625
626
619
608
606
604
597
606
610
613
621
622
620
618
618
607
606
608
606
611
612
613
622
625
620
622
619
617
610
603
595
602
598
612
614
616
620
626
621
623
611
605
606
608
605
611
617
618
622
622
613
617
611
604
600
602
600
609
611
615
621
622
621
621
618
624
612
606
601
604
612
616
622
624
616
617
606
602
603
599
600
611
621
623
634
635
626
621
611
601
596
596
593
605
612
619
629
634
625
621
616
598
594
590
592
602
615
628
643
649
641
637
620
597
587
578
571
585
602
614
636
651
651
645
634
610
596
581
572
575
590
607
635
653
657
659
646
622
597
578
555
554
566
587
622
651
668
677
670
646
620
589
560
550
554
572
603
635
659
677
677
661
634
598
564
546
541
550
580
619
652
684
698
685
664
624
580
550
528
527
553
588
626
673
693
690
682
649
602
568
538
528
538
570
610
659
686
702
703
670
629
581
542
514
515
534
579
632
668
704
716
698
659
613
560
529
514
523
557
606
648
693
714
704
683
634
579
541
514
511
533
577
626
681
716
725
711
672
612
562
521
507
511
542
592
653
697
716
717
688
637
587
540
511
511
531
570
628
678
709
727
708
666
617
565
518
511
511
537
592
647
690
724
720
695
653
601
542
515
511
532
570
622
672
708
719
705
666
610
564
528
511
513
549
596
650
691
709
717
696
652
604
557
522
517
532
564
616
659
688
704
694
659
623
577
540
527
536
554
596
637
670
697
699
675
644
605
565
543
534
543
570
605
638
670
679
672
656
627
589
569
555
556
572
596
622
649
664
665
653
632
606
586
571
565
574
591
606
630
642
648
652
638
624
613
596
590
592
590
605
617
629
632
628
624
612
604
597
603
606
609
620
623
621
624
620
609
611
606
604
614
619
625
631
627
617
613
598
585
586
585
590
611
629
638
656
657
642
629
605
581
567
565
569
593
617
642
662
668
660
642
614
580
556
544
547
576
605
637
674
692
687
673
644
594
562
533
522
538
566
610
658
698
703
701
672
628
584
539
513
520
548
581
638
680
717
721
699
659
604
552
511
500
511
544
603
666
712
739
733
704
651
581
531
505
493
512
562
622
689
730
744
728
680
612
553
506
476
495
528
590
664
722
752
755
722
656
588
523
482
476
499
540
614
689
734
762
746
698
634
555
505
479
482
511
580
653
718
764
764
729
672
590
513
478
460
482
532
606
684
748
772
761
717
644
560
510
466
465
507
565
651
718
767
774
742
678
604
526
477
462
478
525
602
685
750
786
773
730
656
571
504
465
461
492
554
634
704
761
776
746
698
615
534
486
464
470
517
594
670
741
778
771
734
661
573
511
467
453
491
539
618
702
760
777
760
706
624
545
498
459
473
511
579
665
731
766
772
734
660
584
511
466
460
482
534
635
697
750
778
759
705
634
558
496
467
465
511
571
651
720
767
763
735
671
594
517
481
460
497
544
619
692
749
766
757
708
630
560
502
468
475
511
562
642
707
748
763
728
669
604
534
492
480
498
537
609
680
727
755
744
696
633
563
510
484
485
511
570
638
698
744
747
717
673
610
541
508
492
504
546
606
665
715
736
723
687
626
563
516
498
501
529
578
637
699
729
729
705
658
598
543
511
506
514
554
608
662
698
720
708
680
620
571
526
511
520
545
600
650
690
713
714
680
649
590
541
520
514
529
576
624
664
699
709
693
660
615
566
539
526
531
565
606
644
685
702
689
667
626
577
544
526
526
549
589
629
672
694
693
682
649
604
571
540
529
546
572
608
647
674
683
676
651
619
584
556
543
547
564
603
640
671
681
684
668
634
602
566
548
545
563
586
613
652
668
677
667
648
621
584
568
559
559
581
611
632
658
667
661
653
629
597
574
558
553
572
590
611
641
660
658
657
641
613
597
580
567
576
586
604
627
641
645
651
637
617
603
585
573
577
584
595
616
628
641
645
640
625
613
597
584
584
582
593
607
612
624
632
628
624
618
604
600
598
593
598
606
612
623
625
622
622
618
606
607
605
597
604
602
605
614
612
611
614
616
611
618
614
613
624
618
613
613
612
603
607
605
601
608
612
613
622
622
617
621
613
603
605
598
596
606
616
619
632
633
630
629
616
598
597
586
579
590
596
611
631
640
645
642
635
620
604
590
584
584
585
603
621
637
644
649
638
626
605
585
576
571
572
594
612
633
653
661
653
647
622
596
579
571
565
578
597
614
641
656
656
652
638
609
589
573
560
569
587
606
633
656
661
667
650
622
598
577
555
556
565
587
618
642
659
670
664
642
620
592
569
562
562
580
602
629
652
667
667
650
632
597
569
559
550
564
587
618
643
667
677
671
654
623
592
570
553
558
573
592
622
650
660
668
657
633
610
581
556
558
564
586
610
641
658
674
669
645
626
598
567
557
556
564
591
619
642
662
670
657
643
617
587
572
564
566
588
609
629
655
667
660
651
626
594
578
562
557
570
590
616
645
661
665
665
644
612
595
572
561
569
581
598
627
646
654
656
644
619
601
580
563
566
578
591
622
643
656
664
654
633
613
591
570
568
570
578
605
624
642
654
654
637
626
603
583
576
573
581
602
621
637
654
654
644
630
609
587
574
567
571
588
608
628
646
650
650
640
625
605
589
574
579
586
598
619
636
654
652
641
620
603
587
570
573
580
590
616
634
643
657
654
634
619
602
579
576
578
581
605
624
634
649
649
636
622
608
585
579
579
582
602
622
636
653
656
643
632
610
590
581
573
574
592
605
621
642
646
645
635
622
601
592
578
581
590
613
623
638
649
649
642
623
606
590
576
575
581
594
614
634
641
657
651
632
620
603
586
581
581
585
603
624
635
649
644
630
621
608
585
580
581
585
602
622
634
649
652
647
633
617
595
587
578
579
592
609
621
638
644
636
634
617
601
589
585
580
587
606
619
636
643
638
640
622
604
595
581
574
582
592
609
625
640
640
656
633
612
606
590
581
586
595
607
626
633
633
640
628
616
606
587
585
583
590
600
616
627
640
646
639
635
618
600
587
585
581
592
609
620
629
636
629
626
618
600
594
585
582
592
604
614
633
642
641
637
632
610
599
589
578
587
594
613
625
637
640
643
634
625
611
597
585
589
595
603
622
632
637
642
638
624
610
598
582
584
584
591
611
622
630
645
644
634
624
609
593
589
584
586
603
615
624
640
642
635
627
611
594
589
581
579
596
608
619
637
645
645
640
625
604
596
584
576
585
597
605
627
634
636
641
630
611
603
592
580
587
595
603
626
635
643
645
640
620
609
593
579
580
584
591
606
626
634
648
641
634
623
606
588
589
587
588
604
618
626
641
640
633
625
604
590
585
579
581
594
614
621
638
642
648
637
624
609
595
582
584
589
597
611
629
629
644
635
628
617
601
586
587
588
601
611
627
634
645
646
632
623
609
592
586
584
585
597
611
621
636
641
635
629
615
601
594
588
587
601
612
618
634
640
633
633
621
602
595
585
580
590
600
611
628
640
641
643
632
618
609
598
588
592
597
603
619
632
630
638
632
619
608
600
586
588
590
600
618
629
636
645
641
626
618
604
588
586
586
589
604
615
621
635
636
629
622
614
598
595
590
592
607
616
622
640
640
632
628
616
598
591
584
584
594
600
614
630
632
634
633
627
609
601
592
589
592
602
605
624
629
634
634
626
612
602
593
588
588
593
606
623
635
640
642
635
621
613
596
589
589
595
595
610
625
626
633
631
621
614
600
596
593
585
596
609
622
628
638
635
630
624
611
600
590
588
592
596
604
620
629
630
630
627
616
605
598
592
590
598
604
620
628
629
634
632
616
611
598
588
592
592
597
611
625
625
637
637
625
623
612
598
594
594
594
605
614
618
629
627
624
621
613
600
598
594
592
605
617
618
629
636
633
630
620
604
604
594
588
600
602
609
620
625
628
629
621
612
612
602
600
603
605
612
621
627
628
627
623
617
608
602
592
594
602
605
616
621
626
633
628
627
618
618
608
603
597
605
610
613
624
622
622
620
613
604
603
597
592
600
608
610
624
626
625
628
625
612
607
601
594
598
602
604
611
620
618
623
620
612
610
608
598
600
603
603
611
621
619
625
625
616
611
608
598
600
600
598
609
620
618
628
626
619
621
618
607
607
606
606
611
614
617
624
625
619
618
611
603
603
598
595
601
610
612
620
626
622
622
621
611
606
606
602
605
605
608
619
616
617
620
617
609
609
604
603
605
610
610
619
625
624
628
621
612
612
608
597
604
605
598
610
612
613
622
620
613
612
617
606
607
609
609
613
613
618
620
617
618
614
605
602
600
608
601
605
605
616
620
621
618
619
616
612
612
606
607
608
608
615
618
616
616
614
612
612
610
604
606
610
606
617
618
618
624
621
616
615
609
604
608
606
601
606
609
611
616
614
610
612
612
605
609
609
606
614
618
614
621
618
612
616
613
604
605
607
604
606
608
609
614
617
611
618
613
612
613
612
610
616
613
612
615
612
625
616
613
609
609
609
604
609
609
616
617
613
614
618
611
613
614
606
604
612
606
611
611
610
614
612
609
605
609
605
609
611
609
613
617
613
619
618
613
616
615
606
611
610
605
611
610
609
614
616
610
614
614
610
614
612
609
617
616
613
620
614
612
612
614
609
608
607
603
610
609
611
601
612
618
617
610
613
612
605
609
624
609
613
617
610
613
613
607
611
606
603
609
609
608
617
614
616
622
622
619
622
620
611
613
609
608
611
613
609
613
616
609
612
613
606
609
607
604
612
613
611
619
619
616
616
613
605
610
607
602
606
608
605
610
614
613
617
612
612
612
611
609
613
613
610
617
616
612
617
612
607
610
607
602
606
605
605
613
616
617
621
620
611
617
612
610
609
612
612
612
608
611
613
610
608
611
602
605
608
606
609
612
613
616
619
617
619
613
608
605
610
602
606
610
604
608
611
607
612
616
620
614
613
616
613
617
613
619
619
617
618
617
611
612
609
604
608
606
603
612
612
608
618
616
610
616
613
610
614
613
606
612
612
610
614
612
606
611
610
602
606
608
607
608
612
610
617
617
612
618
618
613
614
609
608
612
611
611
612
611
606
613
609
609
610
611
610
612
613
611
618
618
617
619
614
613
613
606
605
610
609
606
612
617
611
616
614
608
613
612
608
612
615
617
616
609
612
611
608
611
611
603
605
608
605
603
612
606
611
616
609
616
616
614
617
613
610
612
612
608
614
613
611
615
611
608
611
610
610
613
614
611
620
617
612
621
619
610
616
612
607
611
611
605
612
611
610
612
611
609
611
611
605
610
611
610
618
619
613
617
614
612
613
610
605
608
606
603
606
608
608
614
616
613
615
614
614
614
614
616
616
610
616
618
612
613
613
612
611
616
605
606
611
606
617
616
616
621
620
617
619
618
613
616
615
608
614
611
608
616
612
611
613
616
608
613
611
609
618
618
616
620
621
609
618
614
610
611
613
606
608
609
606
612
609
611
614
612
612
614
612
611
619
611
612
616
610
615
616
617
610
611
610
608
609
608
612
610
609
613
615
612
616
617
613
624
614
618
613
611
608
614
610
609
613
611
606
612
616
607
613
615
611
614
614
610
618
618
610
613
613
608
611
613
603
610
611
609
611
616
608
616
614
612
614
614
610
616
616
612
614
612
609
617
611
608
613
608
606
612
610
608
613
618
613
617
616
611
614
621
612
611
609
611
613
607
614
613
610
612
612
609
608
613
610
618
614
613
616
617
616
619
618
611
616
612
609
611
609
605
612
611
608
613
616
611
614
614
612
617
616
611
617
616
611
620
616
609
613
613
605
611
609
605
610
612
610
618
619
612
617
622
618
617
612
610
612
611
613
611
615
613
613
609
612
612
612
610
612
611
612
617
614
618
620
619
617
616
610
616
610
605
611
611
604
613
613
611
617
619
611
617
617
610
616
619
612
620
618
611
617
615
610
612
610
606
610
609
606
612
616
614
619
619
617
621
617
613
616
613
611
613
613
608
613
614
611
611
611
606
610
612
608
611
613
613
619
619
617
619
617
614
614
607
603
610
605
608
610
616
614
615
612
617
614
610
612
613
610
612
616
616
616
618
612
613
611
608
609
608
605
609
616
609
614
618
614
620
618
611
616
614
611
614
614
610
618
616
611
616
610
606
610
608
603
611
610
609
617
621
617
620
621
614
617
613
608
609
613
608
612
612
609
612
613
611
612
611
605
612
614
610
617
618
617
620
618
612
614
611
605
609
611
601
608
613
608
614
613
612
613
611
613
609
606
612
612
609
613
614
612
616
610
608
609
606
603
609
608
608
613
613
615
619
618
613
617
617
607
613
612
607
613
612
611
613
614
610
612
610
608
610
611
608
613
616
616
620
617
614
619
614
610
612
610
607
611
612
611
612
616
618
616
618
610
612
624
616
617
606
614
617
619
616
617
602
611
610
604
609
607
604
612
612
610
616
617
613
614
614
610
614
612
607
613
616
609
614
613
609
610
610
606
610
611
604
613
616
612
617
617
611
620
619
610
614
616
608
609
612
607
614
614
612
614
614
611
612
610
609
614
617
614
616
619
609
617
614
611
612
610
608
612
609
613
611
610
610
612
612
610
612
613
616
613
613
612
616
614
612
613
608
608
610
605
603
608
617
614
612
620
614
616
611
616
617
616
617
614
610
607
613
611
617
612
617
616
611
603
611
611
608
611
614
611
616
618
613
618
616
612
611
613
607
611
611
606
611
612
610
612
613
610
613
613
609
614
617
611
619
616
612
617
614
612
612
610
608
611
608
605
611
613
611
616
613
611
613
616
611
614
616
610
614
614
612
615
614
608
611
612
607
611
611
608
613
614
614
614
617
614
617
618
612
614
614
609
614
612
609
611
614
608
612
610
607
614
608
611
614
612
612
616
620
617
616
614
611
613
608
610
611
609
611
610
611
606
614
621
616
612
617
614
617
613
617
616
615
613
614
609
612
613
609
607
610
605
606
610
615
617
615
616
621
618
619
612
617
612
617
613
610
614
613
609
616
613
606
611
611
609
616
616
612
617
617
617
620
618
614
617
617
609
612
613
608
610
611
608
613
612
606
614
613
610
616
613
612
620
621
613
617
618
613
613
612
606
610
611
606
611
612
611
616
614
611
616
620
612
616
617
615
617
617
610
614
617
609
613
611
609
612
608
607
613
611
610
617
614
616
617
617
613
618
613
613
613
608
609
611
610
613
613
611
611
614
610
611
611
612
616
616
613
611
619
614
616
614
611
611
612
606
613
612
608
612
611
609
613
617
610
614
616
608
616
617
612
617
616
614
616
614
609
611
609
605
609
612
608
612
616
614
617
618
613
617
618
611
616
612
607
613
610
609
612
617
611
611
611
606
612
608
609
612
609
612
620
617
614
620
611
616
614
610
612
611
605
608
611
606
614
617
613
622
617
620
617
611
611
617
619
613
617
614
609
613
614
608
612
609
603
610
609
607
618
618
614
619
621
613
620
616
609
614
612
609
614
614
611
614
614
609
614
611
606
611
611
610
614
618
616
620
626
618
621
616
609
611
610
605
609
613
610
613
613
610
614
611
610
612
609
607
611
612
611
616
610
613
614
617
608
609
609
604
609
609
611
616
612
616
619
610
620
614
610
612
612
608
612
613
612
616
616
610
613
610
604
607
608
608
614
618
616
620
621
614
616
614
606
609
609
604
610
614
611
617
617
612
616
610
603
606
606
607
616
622
620
626
625
616
619
612
603
606
605
602
610
611
614
622
624
619
619
614
603
603
603
602
609
619
618
628
628
621
620
614
603
602
597
594
598
608
609
622
628
628
629
623
610
606
601
593
600
605
609
622
627
627
629
625
614
606
597
589
590
598
601
617
628
633
636
634
623
618
605
590
592
594
596
609
619
624
633
634
624
620
606
594
591
589
593
608
618
629
638
640
632
628
617
599
591
587
586
596
605
614
633
636
634
633
621
607
600
588
588
596
608
616
630
634
634
634
622
609
601
585
580
587
593
605
623
630
644
644
633
624
611
595
588
589
589
602
614
620
634
640
642
628
613
597
589
586
585
598
611
622
636
648
641
637
624
604
593
588
579
588
598
609
629
637
637
638
626
611
602
590
580
588
596
609
624
640
642
645
635
617
605
593
580
582
588
597
615
633
636
648
643
628
617
602
587
586
585
594
611
624
634
641
645
630
619
603
591
585
580
585
604
618
630
644
648
642
636
617
601
590
582
580
593
606
618
633
641
636
636
618
604
595
587
582
594
603
614
634
643
645
643
630
613
600
589
581
585
592
602
620
631
637
643
636
621
611
602
594
592
592
602
616
627
630
640
633
622
612
597
588
586
582
593
607
617
628
636
635
629
627
618
601
597
596
596
604
617
624
629
637
630
623
619
605
596
594
597
600
608
616
629
640
637
629
618
609
603
593
595
597
602
613
618
617
628
630
620
614
608
601
598
603
612
621
623
624
629
625
620
618
608
600
601
598
598
606
612
616
626
625
622
622
617
609
609
607
601
612
613
613
624
624
619
618
613
605
604
601
597
608
613
617
626
626
619
627
623
613
611
607
603
609
612
610
619
620
618
620
617
609
609
609
604
606
616
617
621
625
626
625
618
612
612
605
602
605
608
609
616
616
612
621
617
611
613
606
610
611
614
618
620
619
618
625
620
616
611
604
605
603
601
609
616
613
624
622
619
624
619
611
614
612
609
611
614
612
620
620
616
616
612
605
608
604
602
609
613
612
621
624
618
624
624
612
613
610
604
608
610
608
614
618
614
618
614
610
612
610
604
612
613
611
623
624
620
623
619
614
613
610
604
603
608
604
612
610
609
619
619
620
614
620
613
610
611
619
616
610
616
621
613
612
614
601
604
607
600
607
611
613
616
619
617
619
621
621
617
610
605
613
612
608
617
617
612
617
615
609
611
609
607
610
612
610
618
620
620
621
621
614
616
612
606
609
608
606
610
613
609
613
616
612
613
611
608
609
611
611
613
616
614
620
619
613
614
610
604
609
608
603
609
612
612
614
619
613
619
617
611
617
617
610
615
617
611
617
617
612
614
612
608
610
608
605
613
610
614
619
617
617
620
617
615
616
614
610
613
611
611
614
613
607
616
608
608
612
608
603
614
612
612
619
618
622
622
624
622
616
613
611
612
610
609
610
611
611
614
614
615
613
610
616
616
617
614
617
616
617
617
616
613
614
611
610
610
605
611
612
608
613
617
612
619
619
622
619
619
613
616
616
610
617
614
613
614
611
606
613
609
604
612
613
611
620
620
613
620
619
614
617
612
610
613
611
608
612
611
610
614
613
606
612
616
608
612
616
613
617
620
618
618
620
613
614
611
606
612
609
606
612
614
610
614
614
608
615
614
611
613
613
609
614
617
613
616
613
610
612
609
608
608
605
604
612
611
613
618
617
617
619
621
616
618
618
613
615
618
610
615
617
614
614
610
611
609
609
612
611
612
618
619
614
623
622
618
616
617
613
610
612
604
611
614
610
614
617
611
610
614
609
610
613
607
616
616
620
625
617
614
617
615
608
612
610
602
605
609
604
618
616
623
626
618
613
617
617
612
613
615
610
616
615
614
619
616
609
612
609
605
609
612
610
618
619
613
622
624
620
620
617
611
612
611
616
610
614
610
617
613
611
614
614
604
612
612
605
617
619
616
623
622
617
616
615
609
609
610
604
609
610
605
612
615
613
621
617
612
613
613
611
616
616
612
617
620
612
616
617
610
608
609
604
610
611
609
616
617
617
623
619
616
619
616
611
614
614
611
616
610
611
614
619
612
612
612
608
610
608
611
614
617
619
621
621
621
616
609
611
609
605
610
610
608
614
616
611
