633
672
688
691
676
637
597
557
523
511
518
544
592
637
675
699
693
665
624
569
532
511
511
533
582
625
677
698
697
680
644
596
561
532
517
530
553
584
627
661
674
685
672
634
596
554
523
514
531
562
610
659
686
698
683
646
602
560
528
515
531
549
593
632
661
680
674
661
629
594
566
541
528
542
566
597
641
672
680
675
650
608
570
536
519
529
556
590
633
665
677
676
653
620
590
564
542
545
557
580
608
629
647
652
645
631
609
578
565
554
555
575
598
619
646
654
644
634
609
582
572
562
564
580
594
610
626
632
626
625
610
596
592
584
587
593
595
611
619
621
626
621
610
601
590
577
586
590
593
611
620
619
623
616
607
602
601
596
597
598
602
609
610
611
614
611
605
605
594
590
588
584
589
601
606
616
627
628
625
617
602
595
587
581
586
590
594
606
616
618
625
628
619
612
601
582
573
568
570
588
609
626
650
654
649
635
606
576
556
540
548
564
584
618
645
660
667
662
639
613
586
553
539
538
550
582
622
658
688
696
676
642
592
538
511
507
511
554
610
661
701
725
707
673
618
566
521
499
505
517
562
621
676
709
728
716
666
608
544
495
475
486
517
590
667
722
761
753
704
640
560
495
459
458
489
549
627
694
748
764
736
688
613
532
484
457
460
508
574
655
732
772
776
735
655
564
490
434
421
463
523
628
716
774
798
772
704
614
521
457
429
440
491
569
661
736
787
789
742
670
574
490
433
414
441
514
618
713
788
820
792
721
619
511
442
402
412
478
562
663
755
806
804
758
671
568
492
425
402
441
511
608
710
789
825
803
733
625
518
432
390
395
456
555
667
764
828
832
773
684
575
475
410
392
426
511
611
712
796
829
804
733
630
517
440
387
387
453
544
655
765
830
838
795
699
580
482
402
373
406
488
588
705
789
838
821
753
653
537
447
395
390
437
532
641
740
819
840
801
721
606
501
422
378
394
469
564
676
776
829
824
776
680
564
483
419
394
434
511
604
710
785
816
798
733
632
533
459
407
411
460
538
643
731
792
808
773
692
604
514
452
425
438
497
577
668
744
780
784
735
659
571
508
452
439
475
531
610
697
754
773
757
703
623
544
490
453
461
504
557
636
704
742
752
724
665
602
534
497
482
496
526
593
656
705
733
725
691
635
570
516
494
489
511
559
617
676
715
722
707
667
607
558
520
505
511
540
580
635
675
694
699
675
632
593
549
516
514
530
561
609
653
683
700
690
656
619
574
533
522
520
543
581
617
657
680
674
664
637
596
570
547
536
549
574
597
636
659
665
668
649
617
587
560
539
541
553
578
614
643
660
668
656
634
612
584
560
556
558
572
600
626
639
652
643
653
620
597
577
565
559
569
585
606
633
645
648
651
637
612
594
575
562
564
573
585
611
627
634
642
634
620
604
590
578
577
581
588
604
616
625
635
632
625
618
597
585
578
572
578
587
600
619
628
633
635
627
609
602
592
581
586
591
595
611
618
620
624
620
611
602
597
586
585
589
591
603
611
619
628
627
624
618
607
595
590
580
592
592
597
610
616
617
613
613
614
602
597
593
599
602
602
611
613
613
617
614
608
611
602
592
594
592
590
598
606
608
616
617
614
612
609
603
604
604
602
606
608
602
608
606
601
605
600
600
605
602
604
606
603
604
607
602
605
609
606
612
611
606
611
610
604
605
602
593
593
595
592
600
605
609
618
624
618
618
610
600
594
590
582
595
604
611
625
627
622
621
608
591
585
578
574
582
596
609
627
635
641
642
624
611
594
571
565
566
569
594
616
629
648
650
640
625
601
573
561
556
558
585
610
633
657
668
654
643
615
581
558
544
539
556
580
612
644
666
671
668
638
601
572
550
528
537
560
593
631
662
690
683
657
626
587
544
522
520
531
569
612
650
685
698
690
664
622
571
537
514
511
537
576
622
670
697
700
685
646
593
549
515
509
516
552
600
654
700
717
713
677
637
574
523
508
502
511
560
617
667
709
724
702
669
613
550
511
496
501
533
587
644
700
726
721
694
642
574
522
492
481
508
548
614
676
721
737
726
685
625
555
508
482
488
513
573
646
700
739
742
704
648
582
515
483
475
494
545
614
680
737
757
735
687
620
542
496
467
467
511
572
642
714
750
748
721
656
579
516
473
461
493
538
611
692
747
761
741
693
617
530
477
448
463
507
573
654
723
768
768
725
662
581
510
464
454
477
534
616
690
753
773
749
693
616
525
474
444
450
505
574
660
737
779
778
736
662
573
501
449
441
473
528
618
701
756
778
757
692
613
529
466
440
453
501
581
668
739
785
780
734
659
568
491
444
432
463
529
617
701
763
787
761
700
613
527
473
438
449
508
577
664
741
778
777
730
656
560
496
445
442
474
534
624
709
764
785
758
690
606
525
475
446
459
509
585
668
734
772
768
716
645
559
489
452
448
483
554
636
710
765
779
745
681
598
513
468
445
466
516
595
673
742
769
755
707
629
546
496
460
459
508
569
648
724
759
760
728
660
580
511
461
451
481
531
614
690
746
768
749
693
618
539
484
458
470
511
581
662
723
760
756
709
644
564
498
461
461
491
552
629
700
753
766
739
684
604
524
480
458
469
515
588
667
731
760
754
707
633
556
502
462
465
502
564
640
709
750
764
734
668
597
523
474
462
480
516
591
667
723
756
747
698
637
562
506
472
475
508
563
635
698
744
748
717
661
593
523
484
469
485
531
597
669
719
739
735
697
636
566
513
491
489
511
562
631
689
722
731
706
653
594
534
501
493
511
541
602
664
705
730
719
678
628
570
515
504
502
521
571
625
672
704
709
685
646
596
543
515
511
516
557
605
650
691
701
689
661
611
566
530
511
511
540
584
629
668
689
693
675
636
598
557
530
527
541
565
611
649
671
684
672
642
610
571
538
530
537
557
596
632
661
681
677
658
629
588
562
544
538
555
582
619
642
662
663
656
630
598
576
555
541
556
579
602
635
657
661
661
641
609
583
564
548
555
569
586
617
641
649
652
641
618
600
581
564
568
580
588
605
626
638
646
643
624
605
580
571
571
567
582
600
616
634
638
635
629
603
597
589
581
578
589
601
609
624
626
622
620
608
594
589
584
585
594
607
617
624
625
628
625
608
609
595
586
593
594
600
610
616
613
613
608
595
596
593
586
597
606
607
621
628
630
622
613
597
592
582
582
593
596
608
619
622
618
620
614
597
588
581
578
589
605
619
628
630
635
629
611
596
586
572
572
576
586
605
622
630
641
636
621
610
593
576
577
578
583
602
617
630
640
640
629
612
589
577
565
563
579
590
610
630
643
641
643
630
608
590
576
566
570
584
596
618
632
633
640
628
606
594
579
566
572
582
592
617
634
641
645
637
621
605
586
572
570
572
582
601
617
625
638
630
625
613
595
582
577
579
585
600
613
628
636
632
629
616
593
584
574
568
579
592
602
621
632
633
635
620
607
598
588
576
581
592
602
616
625
626
628
618
606
594
586
580
578
581
603
617
620
641
640
629
621
604
586
581
579
579
592
605
613
626
629
621
618
605
589
583
580
579
593
605
614
629
633
630
622
613
596
585
573
574
580
589
605
620
627
633
633
616
609
598
584
585
589
594
608
620
621
632
627
617
608
597
582
581
580
581
600
608
614
627
630
624
618
606
598
593
585
587
595
602
614
619
620
617
614
604
596
592
586
590
597
602
613
616
619
624
621
609
606
600
593
593
594
594
604
607
609
612
609
605
604
600
598
602
604
600
612
610
616
614
603
606
603
596
601
600
596
608
605
604
610
608
602
607
602
598
601
607
605
613
614
612
613
608
601
602
594
589
593
597
600
608
614
612
618
616
606
603
600
600
602
602
611
618
616
618
614
606
603
594
587
587
594
592
604
614
612
624
625
613
613
602
592
592
592
593
604
609
611
620
616
611
610
597
588
591
588
590
601
609
621
628
629
625
616
602
597
589
580
588
594
597
614
620
620
621
616
608
596
588
581
586
594
602
613
622
620
626
620
606
598
587
577
579
584
586
604
618
624
632
627
620
611
595
589
582
582
590
603
611
625
630
626
629
610
592
582
578
572
583
593
605
619
633
633
633
626
607
594
586
572
580
587
595
613
627
628
635
624
610
600
582
574
577
578
588
612
626
640
644
634
623
609
600
581
572
569
581
596
608
628
636
635
634
621
600
589
577
574
582
594
605
624
634
637
637
627
605
592
574
565
572
574
593
613
627
636
645
642
623
608
589
581
574
571
588
602
614
630
635
629
625
611
593
584
576
570
579
597
611
630
636
641
640
620
604
592
584
573
577
581
596
613
627
632
633
622
617
600
584
580
577
580
598
612
620
634
637
629
622
608
591
582
574
572
587
596
607
625
632
633
628
618
602
595
587
579
585
587
605
618
622
628
626
613
609
597
578
579
581
581
597
612
620
631
635
627
623
610
593
589
581
580
591
606
610
621
624
625
620
618
602
593
582
589
592
595
611
620
622
630
625
612
610
600
586
586
585
584
594
602
613
622
624
614
616
608
595
596
590
590
595
598
611
617
617
619
617
605
600
592
587
589
594
593
608
616
616
619
622
616
611
606
596
594
592
592
600
603
606
610
613
608
609
604
596
598
598
595
600
608
606
617
614
612
613
608
608
602
593
597
595
594
602
604
602
610
612
610
610
610
601
605
602
598
602
603
602
610
609
606
607
603
600
602
596
594
600
598
602
610
609
609
616
617
614
610
604
604
601
597
601
598
598
603
605
604
610
610
602
605
604
597
603
605
603
610
608
609
613
610
604
606
610
597
597
597
597
602
595
604
611
609
613
614
609
610
608
604
602
602
597
605
606
604
610
609
604
608
604
596
602
600
598
605
608
606
612
618
616
613
611
602
605
598
592
597
595
598
604
604
606
613
613
610
606
604
598
601
598
604
609
607
612
613
617
611
606
595
596
596
592
598
600
601
611
616
614
619
618
604
608
603
596
600
602
604
608
613
610
614
613
603
604
597
592
594
596
598
608
621
614
621
619
613
610
601
596
595
580
593
599
607
611
614
617
612
610
607
596
597
596
596
604
611
616
617
615
618
612
602
603
597
587
593
596
594
603
610
611
617
619
609
607
603
596
600
602
601
607
612
612
614
612
608
605
600
589
593
594
593
602
606
613
619
613
612
616
606
603
600
592
595
601
603
610
614
610
612
608
601
599
597
592
596
599
604
612
617
614
621
614
605
602
600
589
593
594
596
605
607
610
614
610
606
608
601
598
599
601
605
610
608
617
619
613
605
606
601
602
594
590
596
600
604
614
617
613
616
613
604
603
600
594
600
605
602
612
614
609
612
609
601
598
593
590
597
598
604
613
614
614
621
618
611
608
598
592
596
595
604
604
610
611
614
610
610
604
595
594
595
594
597
609
610
619
621
610
618
608
600
596
593
588
595
597
600
612
613
612
617
613
604
604
602
594
604
604
606
612
617
612
613
611
603
597
592
587
593
595
603
609
617
618
619
613
613
612
608
605
598
593
602
605
605
614
612
609
611
605
594
596
596
592
602
604
607
619
619
617
619
610
602
601
593
590
595
597
600
608
610
611
614
612
606
604
598
598
601
603
608
613
612
618
619
610
610
603
593
593
594
589
598
603
605
616
618
611
614
609
601
601
600
596
603
603
603
611
612
606
612
605
603
597
592
594
598
600
604
613
623
619
620
616
613
606
598
600
598
594
603
607
606
610
611
608
610
608
601
600
600
600
604
608
610
617
614
611
613
606
600
600
593
593
595
597
607
606
607
613
611
607
610
605
601
603
605
601
605
610
608
611
610
607
606
603
596
598
595
594
601
603
607
613
611
611
610
606
603
605
599
598
602
606
603
609
604
605
608
601
602
601
597
601
602
601
608
612
608
617
614
606
608
605
599
601
602
597
602
604
603
610
608
606
608
606
605
607
602
603
611
609
611
611
610
609
605
601
603
600
597
603
603
600
608
609
606
612
611
604
609
609
602
607
606
601
608
608
603
605
602
601
603
600
598
603
601
601
609
608
605
611
613
609
610
603
600
604
608
603
608
603
605
606
603
606
603
600
605
603
604
609
611
608
613
616
606
609
608
601
606
602
598
602
603
601
604
605
602
606
606
602
605
604
604
608
606
606
609
608
603
606
608
602
602
596
600
601
598
601
606
603
605
606
603
606
605
601
602
605
602
605
605
601
606
604
598
600
599
595
600
602
597
607
609
603
611
612
604
609
606
599
602
603
597
603
604
600
604
604
597
604
602
595
603
603
602
606
605
603
612
609
603
605
602
599
598
594
600
601
597
603
605
610
608
610
603
605
604
601
604
608
604
609
610
606
607
607
598
602
600
594
598
602
600
605
609
609
612
610
606
608
604
603
601
602
603
606
605
607
609
608
605
604
594
600
601
596
602
605
603
610
613
609
613
609
602
603
600
596
600
603
601
606
610
605
610
606
601
603
602
600
602
603
609
614
619
616
614
604
607
604
595
596
596
593
601
603
603
613
613
607
610
605
602
602
602
599
608
606
608
610
611
605
610
601
597
597
598
598
597
598
609
611
609
609
613
609
610
605
598
601
601
597
607
608
607
612
610
604
605
602
593
602
597
596
606
610
610
620
618
612
609
604
596
600
594
590
593
603
601
610
612
611
610
606
607
602
593
605
605
603
612
616
609
615
606
603
603
599
589
595
595
594
604
608
610
614
614
610
610
605
600
603
600
596
603
605
604
612
611
605
606
598
598
597
592
595
602
606
607
614
614
616
613
605
605
600
594
597
598
598
605
609
606
611
612
602
604
601
594
598
600
600
609
612
612
614
612
605
606
599
594
596
592
596
600
604
608
611
606
611
609
600
609
601
600
602
603
602
611
610
607
611
609
598
598
596
593
597
600
600
606
610
610
614
613
607
612
604
599
600
598
598
605
605
605
610
606
605
606
596
598
600
599
598
606
609
613
616
612
616
611
602
602
598
592
598
600
597
605
608
606
611
609
603
604
602
598
602
603
604
613
611
609
612
609
605
605
596
598
596
595
599
603
605
611
613
610
610
609
603
604
604
598
602
605
603
608
608
606
608
604
599
598
600
596
599
602
604
612
613
612
616
616
608
606
599
599
599
601
603
607
605
607
608
602
611
603
595
602
601
598
609
609
609
614
612
609
607
604
597
598
598
594
599
600
601
606
608
606
606
605
600
601
601
598
608
609
603
607
609
609
606
603
602
602
596
600
602
599
603
606
606
611
611
608
609
609
601
607
603
599
604
608
604
608
608
602
604
602
597
603
602
598
604
607
605
613
610
609
609
604
602
603
600
600
602
597
604
604
611
611
605
604
604
604
602
604
606
605
610
610
605
610
608
603
603
600
597
600
598
596
602
604
603
610
607
605
609
608
604
608
607
603
605
605
603
608
603
606
605
597
602
597
600
601
602
602
612
607
604
609
608
605
607
603
598
602
602
601
604
601
600
604
605
598
604
604
600
606
604
604
609
609
608
610
607
605
605
605
601
602
598
602
603
600
603
605
601
612
605
604
610
607
604
611
609
604
610
610
603
607
606
600
602
602
597
604
604
602
604
608
603
606
608
603
609
611
606
608
604
603
604
611
601
603
601
601
602
606
604
605
603
603
609
604
608
610
606
610
608
603
605
606
602
604
606
598
604
603
599
604
604
598
605
605
603
610
610
602
606
612
606
605
602
604
603
598
603
606
600
606
606
601
605
604
601
606
608
604
610
611
605
610
606
602
606
604
597
603
603
598
603
602
600
603
604
604
608
606
605
609
609
605
610
605
603
606
604
599
604
602
600
602
602
600
603
603
602
607
613
606
608
606
608
609
603
601
605
601
604
604
601
605
604
599
603
604
598
605
606
600
610
608
605
610
610
604
605
605
601
602
601
598
602
599
599
606
601
600
605
605
598
606
601
608
610
604
608
609
602
603
606
601
604
603
597
601
601
596
604
605
603
611
609
603
610
606
605
606
607
601
603
603
602
606
605
602
605
602
597
602
601
598
605
606
603
609
612
608
610
606
602
604
600
603
601
597
599
604
597
603
606
602
605
605
601
603
606
600
608
610
606
610
610
604
606
605
598
601
600
596
602
601
601
606
609
603
609
608
603
608
606
602
606
605
602
608
606
602
606
605
601
600
600
597
603
602
602
606
609
608
612
609
608
608
606
602
605
605
603
602
611
608
606
600
604
606
601
603
603
597
605
608
614
610
613
605
611
606
600
602
601
595
598
600
596
604
604
603
606
608
602
608
606
601
608
610
603
609
610
603
608
605
601
604
602
595
598
599
595
605
602
612
611
606
606
609
606
605
604
601
605
605
601
610
606
602
605
604
598
604
599
601
603
604
602
609
609
607
614
610
604
603
603
598
601
600
599
604
605
601
606
605
602
605
604
602
604
607
601
608
614
606
609
606
608
604
603
602
601
595
603
603
601
603
607
604
607
609
606
609
605
604
605
604
602
607
605
603
606
604
600
603
601
597
604
603
600
606
604
606
610
608
605
605
606
600
602
602
602
602
597
604
604
603
605
603
605
600
607
600
608
607
610
613
610
605
612
609
602
605
604
601
602
603
596
605
606
604
609
611
604
610
604
605
610
606
605
611
603
611
608
605
606
605
600
602
601
598
602
605
602
604
606
602
610
607
605
608
604
601
604
603
600
604
604
598
603
603
600
604
604
601
604
606
606
609
610
605
612
611
603
607
602
606
604
597
601
601
600
601
605
610
605
606
604
606
607
604
610
610
606
612
610
604
609
606
600
602
602
597
603
602
601
608
607
604
612
608
602
608
608
605
608
602
602
606
604
601
607
601
597
601
598
596
600
597
603
606
612
605
611
610
611
610
604
602
602
592
600
604
600
601
604
608
610
608
601
604
605
601
604
608
605
611
614
609
611
607
601
605
603
594
601
600
597
603
604
603
606
608
605
609
605
599
604
603
600
606
605
601
607
607
603
604
602
593
600
597
597
603
606
604
609
611
610
611
611
602
604
600
598
602
598
598
606
601
605
607
608
604
602
606
598
601
601
605
610
612
612
614
606
604
605
598
600
600
603
602
602
600
608
610
607
611
609
603
604
604
603
609
611
606
613
612
607
609
604
596
598
596
593
600
602
601
610
610
609
612
611
602
604
603
597
602
605
603
609
609
607
609
603
597
596
594
590
602
602
606
614
618
613
616
612
603
601
595
594
597
602
602
611
614
609
611
605
598
596
588
588
594
602
603
613
618
624
622
614
605
597
589
587
589
586
600
605
610
616
621
612
610
606
594
593
592
591
601
610
611
623
625
619
614
608
592
587
582
584
589
600
606
619
625
626
625
616
607
600
587
582
588
599
604
616
617
627
624
611
605
597
582
578
587
587
606
614
621
633
635
627
619
609
590
582
582
580
590
602
609
624
627
623
622
610
593
588
582
579
592
604
613
626
633
628
624
615
595
588
578
572
577
586
594
616
626
626
632
623
605
598
589
578
581
582
602
612
618
632
632
625
613
600
581
580
574
581
590
604
614
634
635
632
627
613
594
582
576
572
585
594
605
624
632
628
627
616
596
587
577
571
585
593
605
624
637
633
636
623
605
592
580
570
572
578
589
612
624
630
637
627
614
603
585
575
576
574
591
608
621
633
634
633
618
606
589
573
571
570
582
596
612
627
638
635
627
621
606
587
578
569
576
587
600
621
629
633
633
622
602
591
579
568
572
584
593
613
630
633
641
633
616
603
587
570
573
577
584
600
617
624
635
630
620
612
596
579
578
576
581
598
614
624
634
632
623
616
600
592
578
571
579
588
596
610
627
626
635
625
606
600
589
579
584
586
592
606
620
620
628
622
610
603
592
579
580
584
590
602
617
622
629
631
619
614
602
588
587
585
585
598
603
614
622
621
620
612
600
594
590
584
592
595
601
612
623
618
620
618
604
601
593
582
588
590
593
607
613
614
621
616
609
605
597
591
593
595
595
604
611
612
618
617
606
606
600
588
592
590
593
603
610
614
619
619
611
614
604
598
597
593
594
604
598
611
613
613
613
608
604
600
596
592
598
601
600
612
617
615
619
615
606
604
600
590
597
600
596
606
611
608
613
613
604
606
603
597
598
600
603
609
614
611
616
613
606
607
601
594
594
594
592
603
610
605
612
610
609
609
605
601
602
598
602
605
604
610
612
606
612
608
600
600
598
592
602
601
601
609
611
609
615
613
608
608
603
597
601
600
600
608
607
606
609
607
601
604
600
595
601
599
601
607
610
612
612
608
606
606
599
595
598
603
602
602
600
609
611
608
608
607
600
604
602
600
606
606
604
609
610
605
608
608
599
603
600
596
601
602
600
609
608
607
611
609
605
608
606
601
608
601
604
609
608
604
606
604
598
602
605
599
603
598
604
609
605
612
612
603
609
608
599
604
602
602
603
604
600
609
606
601
605
605
605
602
603
600
606
605
605
611
610
610
609
604
598
602
603
600
602
604
601
605
609
603
606
609
603
604
601
602
606
604
603
609
608
603
603
602
597
604
597
602
602
601
604
606
603
610
610
603
612
608
604
606
604
601
605
608
602
608
607
601
605
604
600
603
602
600
605
606
606
612
610
611
612
612
604
603
605
603
604
604
601
606
604
602
606
603
600
606
608
606
609
603
611
610
605
605
609
602
606
603
598
602
602
600
603
604
604
608
608
604
609
608
603
605
610
601
609
606
604
606
608
602
604
601
599
602
600
601
605
610
604
611
608
604
610
613
605
610
608
605
604
600
602
606
603
606
604
592
605
603
602
605
608
602
609
611
613
611
608
604
606
604
601
602
603
598
604
604
600
606
604
603
606
603
597
604
608
605
609
605
605
609
606
604
606
602
602
602
609
606
603
601
605
606
602
607
609
601
605
605
605
605
605
601
606
606
604
606
604
601
603
604
600
603
604
601
608
605
604
608
609
604
605
608
601
604
604
601
605
605
602
606
605
602
605
605
600
605
605
603
608
606
605
611
608
604
609
608
603
606
600
603
603
601
603
609
603
605
608
607
610
608
603
607
611
609
613
610
606
609
608
603
608
603
598
602
604
598
605
606
605
609
611
606
608
610
606
609
608
601
605
604
602
604
604
601
607
603
598
603
601
601
606
605
604
611
606
609
610
605
606
605
600
598
605
602
602
604
601
605
608
603
603
606
602
607
606
602
609
610
606
608
608
604
604
605
599
603
601
600
602
605
602
607
609
604
609
608
604
610
608
606
605
605
603
605
604
602
605
604
602
602
604
601
602
602
609
607
605
609
609
611
609
606
601
605
604
599
606
603
601
604
605
598
605
605
601
605
605
601
609
610
608
614
608
605
605
