676
694
688
664
625
578
546
511
511
524
561
611
657
696
709
699
664
618
563
520
511
515
546
596
644
679
701
693
666
629
589
548
531
523
536
572
613
649
689
702
692
672
628
576
539
512
511
537
580
626
678
701
700
683
638
586
549
520
520
544
578
621
662
686
693
677
644
609
566
537
525
529
553
595
637
665
689
687
659
630
587
549
537
540
556
595
629
654
668
662
638
613
585
566
561
569
581
606
623
634
638
634
622
616
602
592
594
596
597
610
617
610
613
604
592
588
593
596
610
620
637
642
635
617
598
572
557
558
577
602
635
662
681
672
641
605
562
529
521
530
558
612
659
697
716
706
664
617
560
511
496
503
528
592
658
715
750
746
701
633
557
496
460
462
506
576
664
737
781
773
725
651
560
488
450
445
485
554
642
716
773
778
745
677
588
511
460
441
474
532
620
707
770
783
761
684
591
511
460
438
474
531
617
702
754
767
747
685
608
538
495
470
496
534
595
669
722
737
729
686
620
558
511
492
505
532
592
658
704
722
714
675
616
572
531
515
531
559
602
645
664
674
664
635
607
588
570
564
569
587
604
626
634
646
643
627
614
597
580
582
586
592
616
626
625
625
617
594
589
587
588
607
626
635
642
635
613
594
578
569
576
592
612
633
644
643
635
618
597
582
570
569
581
596
618
640
649
652
652
631
608
584
565
550
557
573
608
641
661
676
667
631
605
568
544
542
558
582
623
653
666
670
652
625
598
572
553
553
563
580
611
638
650
665
659
640
621
593
568
560
560
570
604
630
652
665
657
637
613
579
564
562
575
595
613
631
646
650
640
629
618
601
593
586
584
591
596
603
620
627
630
634
625
614
603
592
585
589
596
605
622
629
628
632
621
612
609
601
597
600
600
595
601
596
606
616
617
627
632
622
621
609
594
592
592
592
603
616
620
633
632
621
612
606
592
587
589
589
596
610
618
628
637
637
630
620
602
591
579
574
585
596
614
633
641
640
633
616
592
588
584
578
594
605
618
636
638
635
631
613
606
588
584
585
585
590
608
621
626
638
632
621
613
598
584
589
592
597
613
628
629
631
624
611
604
593
586
591
594
600
612
620
620
625
616
619
616
606
608
603
597
605
610
609
615
618
613
610
609
601
603
604
604
610
613
611
613
610
608
612
608
609
617
615
614
617
610
602
599
594
595
602
608
616
624
621
618
619
613
609
604
600
597
603
605
614
623
624
625
625
611
604
592
585
586
593
598
618
632
637
643
633
619
606
590
582
586
590
601
622
630
632
635
626
612
603
592
586
586
596
605
620
628
635
645
642
619
608
589
581
577
579
604
612
624
640
640
629
621
604
588
587
586
590
609
620
625
637
636
625
619
605
590
589
582
586
598
611
616
631
636
627
624
613
598
593
593
589
600
610
626
627
628
623
614
608
595
589
588
595
604
606
619
623
626
626
617
609
609
603
596
605
605
603
616
618
614
618
613
605
605
604
594
604
609
608
617
621
617
621
616
606
608
610
605
608
605
603
608
613
610
609
610
614
613
609
619
614
616
617
613
609
617
612
605
614
614
609
613
613
604
608
608
602
608
611
606
614
620
614
619
618
612
610
609
601
603
608
607
612
613
610
614
612
602
603
601
597
604
611
611
618
617
620
620
611
613
605
596
603
603
597
608
613
610
616
617
609
612
608
596
602
603
603
616
619
619
621
619
611
610
604
598
601
602
602
607
613
613
617
618
614
615
609
604
606
608
604
611
612
617
618
617
612
612
605
603
603
601
601
612
609
613
616
618
613
616
608
608
612
604
611
608
603
610
610
606
610
613
608
609
610
607
610
609
609
613
616
611
615
616
609
612
611
608
612
611
608
605
608
602
607
607
610
617
619
614
619
614
606
610
606
606
607
611
609
613
608
610
612
618
608
609
598
604
603
601
605
613
626
624
624
617
614
610
602
602
604
602
611
611
609
618
618
609
613
610
600
606
603
602
610
612
611
619
619
614
617
611
605
605
603
598
603
605
606
616
618
613
619
618
610
614
611
608
612
612
609
614
616
614
618
620
613
613
613
606
606
602
605
610
608
620
620
618
622
621
616
613
609
601
605
603
603
610
616
613
616
618
613
613
611
605
607
608
605
613
618
622
626
625
619
618
611
603
603
600
597
604
603
616
621
628
628
621
616
611
605
596
609
606
608
618
625
622
626
620
614
608
601
593
597
598
602
614
622
634
633
629
622
620
609
601
600
598
601
611
613
618
626
624
620
618
606
596
599
598
599
609
617
625
633
628
627
624
612
604
601
592
598
601
603
616
621
624
626
623
613
612
608
597
602
605
607
618
624
622
630
628
616
613
605
597
598
596
597
607
616
620
624
630
623
622
617
609
608
602
598
604
612
612
620
622
621
618
619
608
602
591
600
602
602
614
624
624
630
628
620
617
609
598
604
601
600
609
613
614
621
622
615
619
611
604
608
608
602
611
617
617
625
627
621
620
612
604
605
602
600
605
607
610
619
619
617
620
616
610
613
614
608
608
606
608
616
612
614
617
612
608
607
605
604
606
606
610
618
612
617
619
612
613
612
604
614
609
607
613
610
620
613
616
608
612
609
605
606
608
608
611
617
614
617
619
612
616
613
607
607
607
604
610
610
609
613
616
609
616
613
611
612
609
607
613
614
613
617
617
613
617
612
606
607
605
603
609
609
608
613
614
612
616
616
609
614
610
605
611
611
610
614
613
611
613
616
612
608
605
608
610
609
614
614
617
625
620
616
620
615
606
610
606
605
611
611
612
615
612
610
614
613
607
609
611
608
614
617
614
620
619
617
618
613
606
606
606
602
609
610
610
616
613
614
617
624
612
612
612
610
614
611
614
618
614
617
618
610
612
609
605
608
608
605
610
614
611
618
618
612
618
616
609
612
611
606
613
613
610
614
616
611
614
609
608
612
611
606
613
613
611
617
616
617
618
618
612
613
608
608
612
609
611
611
609
613
613
606
614
610
608
612
613
612
618
616
613
616
616
610
615
613
608
611
610
608
610
612
613
614
617
613
617
616
612
616
614
612
612
609
610
614
612
611
612
610
610
610
605
612
611
606
617
614
613
617
616
612
617
613
609
612
609
608
614
612
607
613
616
611
613
615
610
616
611
613
616
616
612
620
617
613
618
611
609
611
608
608
610
606
606
614
613
613
616
611
616
617
612
611
620
621
617
616
612
612
617
609
614
611
608
611
609
606
613
614
609
619
618
617
619
616
616
615
614
609
615
611
609
612
610
609
613
610
607
613
610
616
617
614
621
619
622
620
617
612
618
616
610
612
612
610
614
614
607
612
612
611
616
618
611
616
616
617
619
619
612
615
614
611
613
617
609
613
610
614
613
610
617
617
610
614
613
610
617
618
618
622
622
613
618
614
610
609
609
609
610
609
611
617
620
615
620
616
613
617
614
610
612
614
617
618
621
614
617
614
613
611
604
604
608
613
618
618
617
621
622
618
621
617
610
610
611
607
611
613
611
617
619
611
617
615
605
609
609
606
611
613
616
622
622
622
620
618
610
610
606
602
608
610
606
615
617
617
620
626
619
612
609
610
611
608
612
617
626
626
620
616
615
613
604
608
605
601
607
612
612
620
622
616
621
616
610
611
608
603
609
613
611
618
619
614
619
614
606
609
604
607
608
608
614
619
616
623
627
622
620
617
605
608
606
605
612
613
615
620
621
616
616
614
605
610
610
607
613
614
617
622
622
617
618
617
604
609
598
605
606
614
621
618
618
621
625
618
616
614
606
608
610
608
614
617
611
621
621
613
613
610
602
607
604
604
613
616
619
626
627
629
626
621
618
614
608
618
612
611
619
621
618
620
619
613
616
610
604
609
610
609
618
620
618
625
623
614
613
609
603
604
602
603
608
610
614
622
621
614
618
612
614
614
609
611
614
611
620
622
618
621
619
613
614
610
604
607
606
607
616
619
618
623
625
619
620
619
611
612
611
607
609
613
611
618
618
616
618
611
608
612
606
607
609
620
618
620
619
625
626
617
620
613
605
607
605
604
611
611
612
621
622
617
623
619
610
614
610
606
613
614
613
622
625
624
622
619
610
609
600
603
601
603
610
619
625
630
631
625
626
621
608
606
603
598
606
611
616
624
625
622
624
618
606
601
600
596
602
610
613
625
632
634
634
625
612
609
602
590
597
600
603
618
627
630
634
635
619
616
609
596
598
598
609
618
626
636
639
634
630
618
605
597
592
586
596
608
612
628
638
636
638
629
614
608
603
590
595
598
608
622
628
632
641
624
620
610
602
587
588
592
601
617
624
642
646
637
634
622
603
593
588
584
591
608
616
632
638
638
637
627
612
601
591
585
595
598
614
630
636
642
645
634
622
606
598
584
585
587
600
617
627
645
649
638
634
618
600
589
589
587
596
612
621
638
648
641
646
622
604
593
582
581
589
600
614
629
643
651
650
634
621
605
587
582
585
587
606
622
633
646
649
638
626
612
592
585
581
582
602
621
634
652
654
648
640
621
600
587
580
576
589
603
618
641
649
648
645
634
609
597
587
584
586
600
617
637
649
652
651
636
622
602
584
579
580
584
605
624
634
655
657
646
635
620
597
585
581
577
596
611
625
645
652
644
638
618
598
587
578
576
588
602
618
642
653
653
649
629
612
597
587
572
579
593
612
627
638
649
649
632
628
609
590
586
586
590
607
624
636
650
647
637
630
614
593
585
584
579
597
610
625
643
649
645
640
627
607
601
592
589
598
606
620
635
637
638
638
627
612
597
589
587
593
600
614
627
638
645
644
632
623
612
595
592
593
594
608
621
627
637
636
629
626
614
600
598
597
594
608
620
627
637
640
635
629
622
605
598
593
592
600
604
619
633
632
637
632
622
616
605
595
595
599
606
620
628
632
637
635
621
616
602
589
590
591
600
610
624
634
643
646
635
628
613
597
591
588
590
604
616
628
643
642
637
630
611
600
589
582
587
598
606
628
645
657
658
646
628
610
591
576
577
580
591
616
635
648
657
654
641
624
601
579
574
576
582
608
630
646
662
667
654
639
612
585
572
562
562
587
610
632
659
672
670
658
634
604
584
568
559
572
588
614
647
667
673
667
646
616
594
564
553
557
572
598
632
658
682
685
670
648
614
579
555
548
552
577
607
637
668
682
677
662
632
596
570
553
546
564
590
621
659
681
683
682
655
617
586
558
541
545
565
594
635
664
684
692
676
643
610
574
549
544
553
575
614
648
672
692
684
656
624
586
553
540
539
554
593
633
668
693
694
683
654
612
574
549
536
550
575
608
647
680
689
691
666
629
595
557
537
542
561
590
635
670
690
701
684
650
612
577
542
532
545
564
609
649
678
698
695
669
637
596
555
540
541
553
592
636
668
697
699
688
654
615
573
539
524
538
566
603
652
688
701
705
680
635
594
558
530
529
546
580
629
669
693
705
692
654
613
570
538
526
535
561
606
648
686
712
708
680
646
598
553
533
524
538
578
618
660
692
706
696
666
624
577
548
533
531
558
598
641
682
707
705
684
646
606
566
534
526
537
572
614
652
684
702
698
668
636
597
560
543
540
554
589
628
659
684
693
677
653
619
578
554
542
545
571
603
634
670
690
684
671
643
608
579
558
544
560
580
608
643
667
675
673
651
622
602
580
557
563
570
597
628
646
669
674
656
641
617
593
574
566
564
582
605
625
650
662
662
652
635
611
600
579
576
584
603
616
635
652
651
659
638
618
602
587
576
582
591
602
625
643
649
653
652
632
620
598
587
584
591
602
613
625
641
646
637
634
621
604
597
593
589
602
611
621
637
646
641
640
628
606
601
595
587
595
602
609
625
635
636
638
630
617
610
598
596
602
607
617
625
633
638
640
627
624
616
599
597
594
597
607
619
620
635
638
635
634
625
610
608
604
597
603
611
618
630
633
628
628
622
611
605
602
594
599
608
612
627
628
635
637
630
622
617
609
606
601
602
610
610
617
627
629
623
626
622
611
608
609
604
616
616
618
628
627
625
632
625
617
616
611
603
605
605
604
620
617
621
627
628
622
624
623
616
619
609
608
609
616
613
618
625
624
620
619
619
615
609
616
611
605
612
612
618
625
630
626
628
625
617
612
612
601
604
603
605
613
619
622
634
629
625
624
619
606
605
604
601
612
606
620
629
634
630
626
620
603
602
590
596
603
612
619
632
635
645
641
630
630
611
595
597
594
594
608
620
625
640
638
633
630
618
600
595
590
593
603
618
629
644
650
644
642
626
602
596
589
581
588
602
614
630
641
649
648
635
621
608
598
588
590
598
610
627
637
646
651
642
630
613
594
588
581
583
602
616
627
649
658
652
643
629
606
596
584
578
592
604
618
636
653
650
648
632
610
596
587
578
587
600
614
636
652
654
658
646
626
607
592
579
580
583
604
620
636
645
653
649
636
621
602
587
582
580
596
613
632
649
658
651
644
628
603
591
578
572
586
601
616
642
654
656
654
642
620
604
589
575
582
593
604
628
649
650
654
644
624
609
593
574
578
590
598
619
638
653
660
656
640
625
606
584
579
580
587
605
624
641
653
652
643
629
611
592
585
578
585
601
624
637
651
648
653
642
622
602
587
574
578
587
604
624
640
646
654
650
630
618
605
587
586
586
592
616
630
637
651
649
634
623
609
589
586
581
587
607
622
634
651
659
649
642
627
607
597
586
586
598
609
621
642
645
646
642
629
613
600
591
589
594
601
619
636
642
656
649
635
628
610
591
588
588
588
604
621
628
645
649
640
637
623
602
598
593
592
601
616
624
640
643
641
640
625
607
597
588
585
594
600
613
630
641
646
644
634
627
610
591
593
592
593
609
620
628
642
644
634
628
614
598
597
593
593
606
616
628
645
650
643
640
625
608
601
593
586
595
608
614
632
639
637
636
630
614
607
598
592
596
603
615
630
634
644
643
630
622
609
593
589
593
593
607
621
630
641
649
638
633
623
604
600
596
593
601
614
625
636
640
641
636
621
606
599
594
589
598
604
625
636
641
647
645
632
620
608
593
589
591
600
612
626
632
642
641
635
628
614
599
596
594
594
611
625
634
646
649
643
635
621
601
593
588
587
597
611
622
638
645
645
642
630
611
603
595
593
597
604
613
630
641
642
644
635
617
604
590
584
588
592
610
628
640
648
652
636
638
620
602
592
588
588
602
616
624
642
653
642
636
622
605
595
589
585
595
613
625
642
652
651
646
636
616
603
590
581
589
598
611
630
644
645
652
643
621
612
604
590
590
598
608
626
634
653
648
642
633
617
596
587
582
585
599
613
627
644
656
649
645
628
606
601
590
586
594
606
618
635
645
644
644
633
612
602
590
579
588
598
610
632
643
653
652
644
627
614
595
587
581
589
596
635
624
644
645
641
648
619
603
595
592
589
608
615
625
650
632
649
631
627
610
600
560
585
613
621
626
628
644
629
602
625
616
618
622
593
542
604
629
635
750
685
677
641
654
619
616
654
620
616
611
589
662
680
672
614
678
672
630
598
582
651
681
626
651
688
790
544
665
632
598
662
624
772
624
605
668
767
803
663
612
782
774
705
636
693
652
661
690
622
680
826
693
688
648
667
644
731
598
678
646
665
733
795
604
701
849
782
786
698
698
718
627
712
590
691
702
727
701
671
724
572
619
636
633
746
701
726
699
654
612
732
754
668
650
679
708
640
638
591
607
770
618
700
855
716
690
588
651
580
637
633
629
634
630
837
688
858
799
665
675
686
627
709
725
676
855
602
668
671
658
661
772
703
710
740
660
697
825
688
853
608
620
684
708
635
732
682
842
755
786
752
838
697
781
712
598
742
695
790
835
593
650
845
757
634
739
704
659
675
728
828
600
812
820
595
838
588
622
649
599
745
709
595
742
764
671
686
733
801
648
618
802
757
665
640
630
810
630
739
642
838
732
842
744
675
578
570
728
614
565
677
585
774
627
667
778
702
842
730
614
668
591
712
771
609
650
691
697
840
834
707
814
778
740
623
837
732
654
642
816
785
587
656
809
801
652
851
849
792
848
805
588
766
750
665
844
765
614
689
781
672
851
620
769
563
763
686
691
732
748
840
750
798
699
765
832
722
702
791
721
683
798
648
715
715
824
659
578
613
750
605
827
830
624
854
783
690
822
829
666
596
738
735
798
828
769
768
684
611
765
689
625
763
606
759
748
666
838
828
724
868
802
655
843
829
585
598
682
692
688
651
856
712
685
877
855
627
691
664
864
653
844
844
862
713
745
808
827
709
579
663
765
748
611
659
779
866
796
758
634
639
740
876
861
732
633
604
622
739
835
741
894
878
878
654
650
886
628
588
878
636
670
883
683
652
606
640
732
568
635
634
703
610
757
657
922
880
785
842
936
699
769
857
639
657
912
581
906
898
653
639
766
870
631
845
569
771
667
595
857
953
777
874
785
821
770
670
778
871
837
765
662
784
701
589
664
658
788
746
636
829
592
666
912
868
634
559
544
674
782
781
789
865
919
904
910
804
865
683
818
969
869
526
886
904
856
701
930
773
763
655
826
658
833
585
848
716
526
790
689
678
662
576
619
580
800
619
795
847
660
753
848
849
563
858
853
824
640
687
853
561
828
738
776
640
597
847
681
747
765
683
818
870
712
916
737
629
802
625
813
673
820
819
925
754
724
840
941
666
656
675
746
858
725
556
554
776
821
732
907
773
515
704
750
662
643
562
746
685
633
533
933
808
852
803
581
891
694
717
521
500
717
726
789
607
545
872
670
651
611
771
758
665
893
881
728
610
682
872
844
549
885
607
684
784
616
755
545
677
780
536
610
891
788
656
841
882
673
812
622
771
882
652
860
501
783
550
724
513
732
907
869
651
863
871
768
710
576
705
897
659
505
739
825
584
506
737
496
854
884
602
532
612
773
594
565
498
555
617
750
584
741
718
634
818
601
709
606
629
596
835
872
659
825
632
640
835
540
819
612
781
708
703
862
713
780
818
845
521
591
771
753
623
496
525
684
707
766
657
783
594
688
747
681
511
606
856
607
560
728
750
732
683
608
589
688
607
540
656
595
721
623
504
624
751
632
545
585
704
606
622
763
739
680
536
819
837
656
777
509
563
803
518
586
666
656
537
854
763
691
593
834
777
700
713
701
532
596
520
578
526
587
587
686
593
760
820
845
769
646
656
479
782
606
649
752
684
683
624
622
716
570
511
756
748
654
738
693
650
659
812
532
590
588
604
829
689
560
620
768
596
585
778
803
566
511
660
592
731
679
768
636
678
611
643
702
530
556
607
765
626
624
696
664
516
611
511
509
564
624
539
563
672
475
771
560
562
698
734
588
595
514
602
737
565
553
538
760
552
561
645
576
633
687
630
569
631
577
640
538
509
609
633
682
717
548
669
517
592
720
665
725
553
614
759
680
613
551
573
573
566
547
800
598
498
633
531
573
521
669
736
692
516
525
769
519
771
530
573
737
766
735
604
518
640
580
637
547
647
736
731
714
564
715
536
674
577
545
641
573
582
649
699
505
511
586
752
587
622
448
618
568
708
692
705
737
623
621
638
574
593
723
659
558
691
620
588
455
529
745
617
726
525
628
656
658
516
720
463
580
511
574
528
674
712
560
678
660
531
470
597
722
594
706
641
689
701
516
476
698
704
544
482
672
662
585
513
622
592
545
591
472
588
603
532
617
588
717
692
568
529
468
652
595
564
518
468
557
481
584
468
644
494
622
614
474
669
526
552
603
564
643
418
604
500
588
676
525
653
454
564
608
543
549
483
586
457
653
685
460
569
518
536
589
621
679
538
613
534
623
576
634
548
504
618
483
617
489
660
531
622
511
571
625
603
593
601
673
683
564
608
601
728
563
632
645
629
629
488
714
496
644
560
554
572
566
708
442
682
497
583
570
632
545
597
721
485
585
524
545
548
576
685
506
588
682
506
719
461
707
685
517
590
500
682
502
714
461
588
711
533
585
513
636
480
606
700
716
636
492
608
533
689
532
613
516
706
594
596
705
511
684
511
640
595
543
598
528
636
634
606
512
626
573
520
686
491
655
505
613
514
642
581
585
626
440
700
656
656
511
684
676
571
564
597
574
459
625
541
613
553
570
645
502
630
511
624
637
586
580
460
619
593
717
593
640
625
676
533
507
724
477
607
458
574
494
625
577
601
610
586
583
553
536
609
473
676
482
598
497
598
550
585
565
548
704
464
591
485
712
644
689
696
566
608
498
594
458
603
469
694
712
517
600
540
700
495
602
532
606
604
462
578
486
633
568
621
578
564
692
512
602
475
627
557
665
548
605
587
602
687
511
635
565
611
569
485
601
485
640
706
580
550
485
592
552
608
512
620
623
622
566
453
617
469
647
491
640
609
577
607
490
625
536
685
660
666
574
515
631
490
633
561
724
712
674
709
602
728
629
733
684
730
726
633
628
521
581
511
636
710
544
607
515
603
440
693
563
680
606
580
637
453
597
460
637
674
669
684
449
589
501
692
697
638
596
515
579
511
630
614
505
638
477
596
537
643
581
602
629
637
606
489
620
636
591
578
489
631
525
621
544
553
597
485
631
509
595
504
704
674
481
611
446
692
624
603
563
625
549
493
696
475
648
450
613
592
631
635
549
611
496
605
440
751
723
569
549
569
649
545
635
469
631
525
610
548
498
596
650
735
544
714
576
566
552
669
634
536
598
552
598
598
511
610
515
600
519
656
655
528
688
598
714
653
626
612
564
562
586
726
553
583
565
495
699
618
681
541
604
516
443
576
494
578
511
634
717
634
670
554
642
585
579
558
690
752
586
582
612
716
628
619
547
497
592
461
717
691
561
536
501
627
544
701
636
504
573
549
645
538
595
586
562
721
670
716
698
614
610
504
619
499
627
539
555
598
634
705
511
732
666
665
479
605
618
494
596
520
618
665
533
764
576
578
449
598
443
627
540
627
657
617
715
491
654
476
554
626
608
642
523
581
589
667
612
688
730
564
600
522
590
511
577
614
666
653
539
658
508
524
581
548
613
481
649
644
662
556
601
658
569
584
476
619
499
618
572
498
701
624
655
670
692
622
525
620
511
628
555
600
511
608
613
672
772
624
659
489
641
580
564
550
514
623
593
650
494
648
562
709
662
482
546
445
639
570
603
594
490
590
629
719
684
516
609
644
666
511
539
544
451
635
557
699
669
610
712
605
685
576
629
505
643
574
554
562
453
660
685
617
623
548
574
491
643
593
563
663
571
615
515
620
572
597
712
574
668
547
668
700
602
554
578
586
529
617
480
623
495
520
568
506
625
536
602
654
677
697
630
699
593
595
617
584
523
537
573
598
719
725
